t	msd
1e-08	8.434460209356887e-20
1.25e-08	1.0323481705943207e-19
2.5e-08	1.864868918673503e-19
3.75e-08	2.5409667611886725e-19
5e-08	3.094627763906163e-19
6.25e-08	3.5524358302619317e-19
7.5e-08	3.9351684923756e-19
8.75e-08	4.259055713817159e-19
1e-07	4.536769809255343e-19
1.125e-07	4.778202663985099e-19
1.25e-07	4.991074287951031e-19
1.375e-07	5.1814093945303655e-19
1.5e-07	5.353909796492546e-19
1.6249999999999998e-07	5.512245418478669e-19
1.7499999999999997e-07	5.659281329849042e-19
1.8749999999999995e-07	5.797255046854575e-19
1.9999999999999994e-07	5.927914863286592e-19
2.1249999999999992e-07	6.052627453709463e-19
2.3749999999999992e-07	6.2882565767887335e-19
2.624999999999999e-07	6.510209727495857e-19
2.874999999999999e-07	6.722227506593367e-19
3.1249999999999987e-07	6.926634940640201e-19
3.3749999999999984e-07	7.124894949984758e-19
3.624999999999998e-07	7.31794436989141e-19
3.874999999999998e-07	7.5063983004152e-19
4.1249999999999976e-07	7.690674292833841e-19
4.6249999999999975e-07	8.047797856401259e-19
5.124999999999998e-07	8.390923098155967e-19
5.624999999999997e-07	8.721109798387356e-19
6.124999999999996e-07	9.039176852693563e-19
6.624999999999996e-07	9.34582053117917e-19
7.124999999999995e-07	9.641662761326549e-19
7.624999999999995e-07	9.92727182292926e-19
8.124999999999994e-07	1.0203173425854982e-18
9.124999999999994e-07	1.0727780439665826e-18
1.0124999999999994e-06	1.1219038815194576e-18
1.1124999999999995e-06	1.1680090092100964e-18
1.2124999999999994e-06	1.2113732330479018e-18
1.3124999999999993e-06	1.2522471475835024e-18
1.4124999999999992e-06	1.2908560048429722e-18
1.512499999999999e-06	1.3274028782795013e-18
1.612499999999999e-06	1.3620712578264776e-18
1.812499999999999e-06	1.4264206965518519e-18
2.012499999999999e-06	1.4850532509190002e-18
2.2124999999999987e-06	1.538913295081739e-18
2.4124999999999985e-06	1.5887781715870244e-18
2.6124999999999983e-06	1.6352884427338316e-18
2.812499999999998e-06	1.6789722700792945e-18
3.012499999999998e-06	1.720265489886144e-18
3.2124999999999976e-06	1.759528066186525e-18
3.6124999999999976e-06	1.8331000590671423e-18
4.012499999999998e-06	1.9015057910756366e-18
4.412499999999997e-06	1.96599662082693e-18
4.812499999999997e-06	2.0274404637097382e-18
5.212499999999996e-06	2.086445267126682e-18
5.612499999999996e-06	2.1434421145104127e-18
6.012499999999995e-06	2.1987414802013565e-18
6.412499999999995e-06	2.25257111234026e-18
7.212499999999995e-06	2.356464509035143e-18
8.012499999999995e-06	2.4560789632478123e-18
8.812499999999994e-06	2.5520325594100422e-18
9.612499999999993e-06	2.644764213306522e-18
1.0412499999999992e-05	2.734609663682868e-18
1.1212499999999991e-05	2.821839435735336e-18
1.201249999999999e-05	2.906678679289731e-18
1.281249999999999e-05	2.989318598007759e-18
1.441249999999999e-05	3.1486373830220174e-18
1.601249999999999e-05	3.300873655334188e-18
1.7612499999999988e-05	3.446859208098914e-18
1.9212499999999986e-05	3.587249671754448e-18
2.0812499999999984e-05	3.722572433775907e-18
2.2412499999999982e-05	3.853260234493021e-18
2.401249999999998e-05	3.979675229533074e-18
2.561249999999998e-05	4.102125812365873e-18
2.881249999999998e-05	4.336170434375565e-18
3.201249999999998e-05	4.557180682949034e-18
3.521249999999998e-05	4.766595865311992e-18
3.841249999999998e-05	4.9656126239352706e-18
4.1612499999999975e-05	5.155246789580502e-18
4.481249999999997e-05	5.336371722738309e-18
4.801249999999997e-05	5.509744633626421e-18
5.1212499999999964e-05	5.676025754979602e-18
5.7612499999999964e-05	5.9895547983412825e-18
6.401249999999996e-05	6.2807991239232245e-18
7.041249999999996e-05	6.5527579022553036e-18
7.681249999999995e-05	6.807802749674055e-18
8.321249999999994e-05	7.047834449065705e-18
8.961249999999994e-05	7.274398556358006e-18
9.601249999999993e-05	7.48877084801906e-18
0.00010241249999999992	7.692021220997508e-18
0.00011521249999999992	8.068674725134134e-18
0.00012801249999999992	8.410305842534232e-18
0.00014081249999999993	8.721566728886057e-18
0.00015361249999999992	9.006245837416823e-18
0.0001664124999999999	9.2675168327391e-18
0.0001792124999999999	9.508089306837638e-18
0.00019201249999999988	9.730304692265048e-18
0.00020481249999999986	9.936201449091191e-18
0.00023041249999999986	1.0305948161782257e-17
0.00025601249999999986	1.0629122656880595e-17
0.00028161249999999983	1.0914833325764572e-17
0.0003072124999999998	1.1170135236031491e-17
0.0003328124999999998	1.1400507458168366e-17
0.00035841249999999975	1.1610217183112095e-17
0.0003840124999999997	1.1802602007795197e-17
0.0004096124999999997	1.1980284781611712e-17
0.0004608124999999997	1.2299423851416237e-17
0.0005120124999999997	1.257973994840305e-17
0.0005632124999999997	1.282919640671387e-17
0.0006144124999999997	1.3053267963367837e-17
0.0006656124999999996	1.3255904936506667e-17
0.0007168124999999996	1.3440096688202724e-17
0.0007680124999999995	1.3608203248326002e-17
0.0008192124999999995	1.3762153986946939e-17
0.0009216124999999995	1.403383281084925e-17
0.0010240124999999994	1.4265564153050637e-17
0.0011264124999999995	1.446528923801554e-17
0.0012288124999999994	1.4639187864457175e-17
0.0013312124999999993	1.479211515168476e-17
0.0014336124999999992	1.492790175057349e-17
0.001536012499999999	1.5049578274345287e-17
0.001638412499999999	1.5159548111319917e-17
0.001843212499999999	1.5351626341257274e-17
0.002048012499999999	1.5515264022758346e-17
0.0022528124999999987	1.5657654908050008e-17
0.0024576124999999985	1.5783555348777665e-17
0.0026624124999999983	1.5896202065364826e-17
0.002867212499999998	1.5997874242457232e-17
0.003072012499999998	1.6090239218361637e-17
0.0032768124999999976	1.6174564309383974e-17
0.0036864124999999976	1.632290562033051e-17
0.004096012499999998	1.644895733334006e-17
0.004505612499999997	1.655708704742541e-17
0.004915212499999997	1.66506289380903e-17
0.005324812499999996	1.6732205761354946e-17
0.005734412499999996	1.6803909745132263e-17
0.006144012499999995	1.6867423721500963e-17
0.006553612499999995	1.6924105337178342e-17
0.007372812499999995	1.7021161642255536e-17
0.008192012499999995	1.710162180960889e-17
0.009011212499999994	1.7169838615518276e-17
0.009830412499999993	1.7228746500279985e-17
0.010649612499999992	1.7280359617369767e-17
0.011468812499999991	1.7326090301278756e-17
0.01228801249999999	1.736695518603354e-17
0.01310721249999999	1.7403707186028153e-17
0.01474561249999999	1.746705126227059e-17
0.01638401249999999	1.7519459511072628e-17
0.018022412499999987	1.7563207488386218e-17
0.019660812499999986	1.7599973156177127e-17
0.021299212499999984	1.7631056233972448e-17
0.022937612499999982	1.765749132117329e-17
0.02457601249999998	1.7680113843764527e-17
0.02621441249999998	1.7699603003047762e-17
0.029491212499999978	1.7731299347658448e-17
0.03276801249999998	1.7755913998207648e-17
0.03604481249999998	1.777568248755212e-17
0.03932161249999998	1.7792107008718858e-17
0.042598412499999974	1.7806197774042424e-17
0.04587521249999997	1.781863615608967e-17
0.04915201249999997	1.782988216965232e-17
0.05242881249999996	1.7840248470628256e-17
0.05898241249999996	1.7859126813130788e-17
0.06553601249999996	1.7876298585408842e-17
0.07208961249999996	1.7892266968773068e-17
0.07864321249999995	1.7907295843904708e-17
0.08519681249999994	1.792153593934125e-17
0.09175041249999993	1.793508380135932e-17
0.09830401249999993	1.794800868067512e-17
0.10485761249999992	1.7960363598861596e-17
0.11796481249999992	1.7983532250827732e-17
0.13107201249999992	1.800487260220067e-17
0.14417921249999993	1.8024604680057595e-17
0.15728641249999992	1.8042906255060866e-17
0.1703936124999999	1.8059925381106662e-17
0.1835008124999999	1.8075786567864208e-17
0.19660801249999987	1.809059720988222e-17
0.20971521249999986	1.8104450674534943e-17
0.23592961249999986	1.8129606133604746e-17
0.26214401249999986	1.8151811353198054e-17
0.2883584124999998	1.817152175842566e-17
0.3145728124999998	1.8189114238511266e-17
0.34078721249999977	1.820490506617271e-17
0.36700161249999974	1.821916181548051e-17
0.3932160124999997	1.8232110741879544e-17
0.4194304124999997	1.8243944902001788e-17
0.4718592124999997	1.8264898781996697e-17
0.5242880124999997	1.828306367373153e-17
0.5767168124999997	1.829919388214314e-17
0.6291456124999997	1.8313837112655384e-17
0.6815744124999996	1.8327391545988776e-17
0.7340032124999996	1.8340145548255856e-17
0.7864320124999995	1.835230861423489e-17
0.8388608124999994	1.836403319517357e-17
0.9437184124999994	1.8386578251777076e-17
1.0485760124999994	1.840834874971033e-17
1.1534336124999993	1.842964453231486e-17
1.2582912124999992	1.8450623955425865e-17
1.363148812499999	1.8471370740029975e-17
1.468006412499999	1.8491929655813498e-17
1.5728640124999989	1.8512324570288004e-17
1.6777216124999987	1.8532568258985358e-17
1.8874368124999987	1.8572629295052288e-17
2.0971520124999987	1.8612142146322605e-17
2.3068672124999985	1.865112041975728e-17
2.5165824124999983	1.8689572720266008e-17
2.726297612499998	1.8727506099644243e-17
2.936012812499998	1.876492793372836e-17
3.1457280124999976	1.8801844451123548e-17
3.3554432124999973	1.883826233044993e-17
3.7748736124999973	1.8909627629451117e-17
4.194304012499997	1.897907455728153e-17
4.613734412499998	1.9046652363312612e-17
5.033164812499997	1.9112409291770594e-17
5.452595212499997	1.9176392386072733e-17
5.872025612499996	1.923864735660909e-17
6.291456012499996	1.9299219312589016e-17
6.710886412499995	1.935815188588259e-17
7.549747212499995	1.947126823612805e-17
8.388608012499995	1.9578326445338996e-17
9.227468812499996	1.9679639830424796e-17
10.066329612499995	1.977550714940828e-17
10.905190412499994	1.9866212538453858e-17
11.744051212499993	1.9952026219284768e-17
12.582912012499992	2.003320476487998e-17
