ome	zstar	zpr	zppr	zC
100000000.0	60893.92741598165	7688.10293810486	60406.65087021416	(7688.10293810486+60406.65087021416j)
80000000.0	50135.740316533636	7990.319856934504	49494.92141291644	(7990.319856934504+49494.92141291644j)
40000000.0	28531.73992605421	8453.877823841452	27250.543718384	(8453.877823841452+27250.543718384j)
26666666.666666668	21310.324395447486	8725.691941847961	19442.02216785008	(8725.691941847961+19442.02216785008j)
20000000.0	17676.56047529067	8892.957295630797	15276.6521455028	(8892.957295630797+15276.6521455028j)
16000000.0	15469.801095725517	8952.545506495726	12616.12757130466	(8952.545506495726+12616.12757130466j)
13333333.333333334	13975.394268100199	8928.607867656281	10751.353705207279	(8928.607867656281+10751.353705207279j)
11428571.42857143	12889.095180315497	8843.894400990146	9376.262922474356	(8843.894400990146+9376.262922474356j)
10000000.0	12059.511923313798	8717.742617206304	8332.634126654824	(8717.742617206304+8332.634126654824j)
8888888.88888889	11402.53430706404	8565.041035375481	7527.14160130567	(8565.041035375481+7527.14160130567j)
8000000.0	10867.400064957796	8396.636635343666	6899.049020397615	(8396.636635343666+6899.049020397615j)
7272727.2727272725	10421.44849818211	8220.094861400612	6405.983864312913	(8220.094861400612+6405.983864312913j)
6666666.666666667	10042.595947828535	8040.520638979356	6016.95614289228	(8040.520638979356+6016.95614289228j)
6153846.153846155	9715.329840363102	7861.2630542829165	5708.605530111199	(7861.2630542829165+5708.605530111199j)
5714285.7142857155	9428.430710574856	7684.486986892039	5462.963061599264	(7684.486986892039+5462.963061599264j)
5333333.333333335	9173.609245957261	7511.522280043417	5266.13137264196	(7511.522280043417+5266.13137264196j)
5000000.000000002	8944.616888137161	7343.338829607268	5107.009507444713	(7343.338829607268+5107.009507444713j)
4705882.352941178	8736.764729862105	7180.002574410188	4977.812870772216	(7180.002574410188+4977.812870772216j)
4210526.315789475	8370.521204306902	6870.244575908454	4781.774220825564	(6870.244575908454+4781.774220825564j)
3809523.8095238106	8054.150321101061	6584.486428346295	4638.305279928843	(6584.486428346295+4638.305279928843j)
3478260.8695652187	7775.001912171055	6321.5323830483485	4526.464742415943	(6321.5323830483485+4526.464742415943j)
3200000.0000000014	7524.798705032568	6080.909508330364	4432.283283225159	(6080.909508330364+4432.283283225159j)
2962962.9629629645	7298.01688221378	5861.385126994754	4348.012742175677	(5861.385126994754+4348.012742175677j)
2758620.689655174	7090.777612100359	5661.517565396676	4269.2324838275745	(5661.517565396676+4269.2324838275745j)
2580645.161290324	6900.2412009120135	5479.645142500611	4193.663999777895	(5479.645142500611+4193.663999777895j)
2424242.4242424257	6724.217460373106	5314.263519608919	4119.915496529071	(5314.263519608919+4119.915496529071j)
2162162.1621621633	6409.128374199278	5026.228729008452	3976.6759084260766	(5026.228729008452+3976.6759084260766j)
1951219.512195123	6134.971697875666	4785.274137542139	3839.144326839741	(4785.274137542139+3839.144326839741j)
1777777.7777777787	5894.093254669138	4582.064239998007	3707.428029681456	(4582.064239998007+3707.428029681456j)
1632653.0612244906	5680.710792463569	4408.891822766763	3582.198766505349	(4408.891822766763+3582.198766505349j)
1509433.9622641518	5490.312548117367	4259.812186538869	3463.745373353815	(4259.812186538869+3463.745373353815j)
1403508.7719298254	5319.317396454648	4130.217461348379	3352.08014316454	(4130.217461348379+3352.08014316454j)
1311475.4098360664	5164.848059333508	4016.4827652695185	3247.0789445737264	(4016.4827652695185+3247.0789445737264j)
1230769.2307692317	5024.554868916018	3915.9422794624165	3148.2610588492116	(3915.9422794624165+3148.2610588492116j)
1095890.4109589048	4779.164928180867	3745.6574695260083	2968.243172608681	(3745.6574695260083+2968.243172608681j)
987654.3209876548	4571.381162298685	3606.129267299625	2809.511957359204	(3606.129267299625+2809.511957359204j)
898876.4044943824	4392.868895404684	3489.262708066519	2668.771793599122	(3489.262708066519+2668.771793599122j)
824742.2680412375	4237.611054855018	3389.29105916166	2543.629998352019	(3389.29105916166+2543.629998352019j)
761904.7619047624	4101.139376692704	3302.2645307399607	2431.952539848631	(3302.2645307399607+2431.952539848631j)
707964.6017699119	3980.0704843882177	3225.350180912502	2331.968539922002	(3225.350180912502+2331.968539922002j)
661157.0247933888	3871.7934440455115	3156.4876601279443	2242.179770851084	(3156.4876601279443+2242.179770851084j)
620155.0387596904	3774.263476535634	3094.118716262241	2161.3639582417745	(3094.118716262241+2161.3639582417745j)
551724.1379310348	3605.24452954251	2984.4740595980384	2022.54856687858	(2984.4740595980384+2022.54856687858j)
496894.40993788844	3463.3468169401826	2889.9084590850553	1908.71691785826	(2889.9084590850553+1908.71691785826j)
451977.4011299438	3342.036711930822	2806.2942606110255	1814.9165013176219	(2806.2942606110255+1814.9165013176219j)
414507.77202072565	3236.723841126834	2730.933745910116	1737.3491586805992	(2730.933745910116+1737.3491586805992j)
382775.11961722514	3144.0823173873114	2661.993050081858	1673.0351519987412	(2661.993050081858+1673.0351519987412j)
355555.5555555558	3061.642068643303	2598.1774793770305	1619.6067245305153	(2598.1774793770305+1619.6067245305153j)
331950.20746887993	2987.521963092922	2538.5896012174167	1575.071527440384	(2538.5896012174167+1575.071527440384j)
311284.0466926072	2920.293278332676	2482.447339513476	1538.0403239243997	(2482.447339513476+1538.0403239243997j)
276816.60899653996	2802.1534397404484	2378.8636555217804	1480.9022953209233	(2378.8636555217804+1480.9022953209233j)
249221.1838006232	2700.594031288639	2284.9286123593456	1439.551790750655	(2284.9286123593456+1439.551790750655j)
226628.8951841361	2611.3893421386842	2198.7367857651866	1408.868639426148	(2198.7367857651866+1408.868639426148j)
207792.20779220795	2531.6715865435417	2119.2736174685174	1384.9333400614623	(2119.2736174685174+1384.9333400614623j)
191846.52278177472	2459.479795270777	2045.7954618559982	1365.1966127977996	(2045.7954618559982+1365.1966127977996j)
178173.7193763921	2393.4313259489245	1977.7513061422853	1347.9663508730891	(1977.7513061422853+1347.9663508730891j)
166320.16632016643	2332.5267240688654	1914.6835829046483	1332.1665420850547	(1914.6835829046483+1332.1665420850547j)
155945.41910331397	2276.021875272235	1856.1953019112	1317.1236000772785	(1856.1953019112+1317.1236000772785j)
138648.1802426344	2174.055181157063	1751.5070083671299	1287.920467403441	(1751.5070083671299+1287.920467403441j)
124804.99219968807	2084.229831776711	1660.9800035369333	1259.031143188454	(1660.9800035369333+1259.031143188454j)
113475.17730496461	2004.2994213117709	1582.2723468118963	1230.2968709970264	(1582.2723468118963+1230.2968709970264j)
104031.20936280892	1932.6145447324855	1513.3958941499639	1201.9283864197498	(1513.3958941499639+1201.9283864197498j)
96038.41536614652	1867.9027529134796	1452.688058409764	1174.2053054280696	(1452.688058409764+1174.2053054280696j)
89186.17614269795	1809.1504782113673	1398.7875016441149	1147.353031135855	(1398.7875016441149+1147.353031135855j)
83246.6181061395	1755.5347773657884	1350.5779326540398	1121.535377225653	(1350.5779326540398+1121.535377225653j)
78048.78048780494	1706.3762427280994	1307.1897302264692	1096.8021202283103	(1307.1897302264692+1096.8021202283103j)
69384.21509106683	1619.270064292718	1232.018122461708	1050.793455937213	(1232.018122461708+1050.793455937213j)
62451.20999219364	1544.3149569852744	1168.8407259668363	1009.3166221210018	(1168.8407259668363+1009.3166221210018j)
56777.85663591204	1478.9718179881231	1114.7858607828675	971.9105529840156	(1114.7858607828675+971.9105529840156j)
52049.446974625935	1421.3714594573232	1067.8014447721691	938.1347985776399	(1067.8014447721691+938.1347985776399j)
48048.048048048084	1370.1070551260113	1026.4450324013812	907.5262739803177	(1026.4450324013812+907.5262739803177j)
44617.958728388214	1324.1008944960945	989.6667441462598	879.6606813631602	(989.6667441462598+879.6606813631602j)
41644.97657470071	1282.513886525779	956.6811927628127	854.1679955052057	(956.6811927628127+854.1679955052057j)
39043.435822352396	1244.68247852002	926.9031299878948	830.7135847892363	(926.9031299878948+830.7135847892363j)
34707.158351410006	1178.2621174892888	875.1843808738743	788.8941101217298	(875.1843808738743+788.8941101217298j)
31237.797735259686	1121.6623214568367	831.7722837739433	752.5165987015959	(831.7722837739433+752.5165987015959j)
28399.006034788796	1072.7065499637893	794.8652501458229	720.3392092936728	(794.8652501458229+720.3392092936728j)
26033.19232020828	1029.8472014895	763.158942141126	691.5010393671095	(763.158942141126+691.5010393671095j)
24031.24061279665	991.9475896965107	735.6860441300876	665.3766340779785	(735.6860441300876+665.3766340779785j)
22315.202231520238	958.1497687351059	711.7040557718414	641.5047282172194	(711.7040557718414+641.5047282172194j)
20827.90939859413	927.7912559159379	690.6201838190012	619.5485261510048	(690.6201838190012+619.5485261510048j)
19526.482792287054	900.3494926216013	671.9945340566309	599.2099423924692	(671.9945340566309+599.2099423924692j)
17357.344326318085	852.6243827700644	640.6001590830331	562.671995283954	(640.6001590830331+562.671995283954j)
15621.948838117563	812.4708846214128	615.1723866965083	530.7276825299607	(615.1723866965083+530.7276825299607j)
14202.023788389854	778.1641214349996	594.2175562243922	502.4389472994864	(594.2175562243922+502.4389472994864j)
13018.714401952815	748.4753952242521	576.6361597250756	477.18566256082914	(576.6361597250756+477.18566256082914j)
12017.425266636632	722.5021345256051	561.6556624774969	454.48019890972114	(561.6556624774969+454.48019890972114j)
11159.157483609995	699.5656847318006	548.7136422849466	433.9418002735628	(548.7136422849466+433.9418002735628j)
10415.31050644448	679.1455896759996	537.3906752912987	415.27098873666	(537.3906752912987+415.27098873666j)
9764.433052605891	660.8343432082322	527.3861816308358	398.203270438984	(527.3861816308358+398.203270438984j)
8679.613757187812	629.3155597452255	510.39727355095914	368.1476563679225	(510.39727355095914+368.1476563679225j)
7811.7371350454105	603.109776305006	496.3784387560546	342.56364052942934	(496.3784387560546+342.56364052942934j)
7101.642254771419	580.9345194717878	484.5200412201182	320.50779330614097	(484.5200412201182+320.50779330614097j)
6509.886890715277	561.8966175285693	474.2701874181011	301.3230792960384	(474.2701874181011+301.3230792960384j)
6009.163975061973	545.3514240376609	465.26237605998926	284.49797384677055	(465.26237605998926+284.49797384677055j)
5579.967915184491	530.8219134408909	457.2403992177169	269.63516297447455	(457.2403992177169+269.63516297447455j)
5207.994271206305	517.9467581413561	450.02131458241706	256.41696646410435	(450.02131458241706+256.41696646410435j)
4882.51449496491	506.447504869939	443.4685172548326	244.59098387468651	(443.4685172548326+244.59098387468651j)
4340.042315412578	486.745439786267	431.9777536606704	224.3130479820727	(431.9777536606704+224.3130479820727j)
3906.059274449492	470.4377323518946	422.1869781903692	207.53268529770816	(422.1869781903692+207.53268529770816j)
3550.978738514805	456.6804761994987	413.7103787474785	193.3928123235679	(413.7103787474785+193.3928123235679j)
3255.075883956547	444.8922984287069	406.2795638214055	181.29002515931802	(406.2795638214055+181.29002515931802j)
3004.6948356807534	434.6599280309759	399.69695285427497	170.79695229980132	(399.69695285427497+170.79695229980132j)
2790.081261116732	425.6812832446965	393.81255844507604	161.60514755352034	(393.81255844507604+161.60514755352034j)
2604.081898375706	417.72958942207765	388.5107803782637	153.48414709216752	(388.5107803782637+153.48414709216752j)
2441.3317464676998	410.63266783169684	383.69863804619484	146.2687357300658	(383.69863804619484+146.2687357300658j)
2170.080021700802	398.48636386046826	375.2710064086531	134.0263180564704	(375.2710064086531+134.0263180564704j)
1953.0773174483056	388.4488708878669	368.1036755369275	124.06534306672087	(368.1036755369275+124.06534306672087j)
1775.5287746632052	379.99797895813595	361.904738994676	115.85950071299027	(361.904738994676+115.85950071299027j)
1627.5710536488118	372.76823782193514	356.47305745764925	109.00971716166548	(356.47305745764925+109.00971716166548j)
1502.3756314672585	366.49763152393996	351.6624554399789	103.21836729275715	(351.6624554399789+103.21836729275715j)
1395.0649577120944	360.9931095850187	347.3637509598103	98.25705922218616	(347.3637509598103+98.25705922218616j)
1302.062140915676	356.1094966665592	343.4932769251379	93.94861533487696	(343.4932769251379+93.94861533487696j)
1220.6844988327211	351.7373881597491	339.98498271064483	90.16319515569838	(339.98498271064483+90.16319515569838j)
1085.0547274478163	344.2019130908277	333.85645979154043	83.75452961389777	(333.85645979154043+83.75452961389777j)
976.5505792165628	337.8979943276936	328.6658297869607	78.44633134268683	(328.6658297869607+78.44633134268683j)
887.7742390110199	332.51822357562094	324.19881354185065	73.9154808409103	(324.19881354185065+73.9154808409103j)
813.7938049946598	327.8545608135297	320.304205174133	69.95590892840545	(320.304205174133+69.95590892840545j)
751.1948693390428	323.7622661671803	316.8714960589884	66.44140259692453	(316.8714960589884+66.44140259692453j)
697.5385608035648	320.13608915312216	313.81796227979135	63.28824637178093	(313.81796227979135+63.28824637178093j)
651.0363685191368	316.89680666884084	311.0802671937402	60.43718590056849	(311.0802671937402+60.43718590056849j)
610.3469059226542	313.9834394898069	308.6090393369895	57.84514770790822	(308.6090393369895+57.84514770790822j)
542.531042948114	308.949310812944	304.3166327353528	53.301629359799705	(304.3166327353528+53.301629359799705j)
488.27826978595124	304.7451004555439	300.70778360907246	49.44092564443734	(300.70778360907246+49.44092564443734j)
443.88958246636173	301.1761977723577	297.62466632001303	46.11572511102042	(297.62466632001303+46.11572511102042j)
406.89897207147203	298.1052128756269	294.9558538582045	43.2176146773552	(294.9558538582045+43.2176146773552j)
375.5991980957123	295.43287152671724	292.6203364774566	40.66841843915125	(292.6203364774566+40.66841843915125j)
348.77080090854815	293.08568430106203	290.55772682538685	38.41127079758828	(290.55772682538685+38.41127079758828j)
325.51950879106147	291.00759889707416	288.72181449465705	36.40242369339202	(288.72181449465705+36.40242369339202j)
305.17461710122285	289.1562594854636	287.07716653572845	34.61275564647194	(287.07716653572845+34.61275564647194j)
271.2664412894652	286.0010507750759	284.2521635046183	31.580192960007388	(284.2521635046183+31.580192960007388j)
244.1398799442142	283.4131207743274	281.911433657567	29.136585252543004	(281.911433657567+29.136585252543004j)
221.9454069785186	281.2544804902099	279.93961714426536	27.164196084920516	(279.93961714426536+27.164196084920516j)
203.45000343321894	279.4246316794937	278.2531439990235	25.559981296538652	(278.2531439990235+25.559981296538652j)
187.80003990750862	277.85030574999666	276.79074599402253	24.242015952456104	(276.79074599402253+24.242015952456104j)
174.38578058345135	276.4769158370932	275.5065085340549	23.144086634945303	(275.5065085340549+23.144086634945303j)
162.76008553042507	275.26334614455976	274.36558918388704	22.213356398307745	(274.36558918388704+22.213356398307745j)
152.58759958725065	274.1791278920428	273.3418280868262	21.411193095974703	(273.3418280868262+21.411193095974703j)
135.63345059975427	272.3083083354715	271.567735487263	20.06937544733731	(271.567735487263+20.06937544733731j)
122.07012623576937	270.7329039582627	270.06905369066556	18.947599433761635	(270.06905369066556+18.947599433761635j)
110.97285742623434	269.3755746787072	268.77611125816674	17.961131657591853	(268.77611125816674+17.961131657591853j)
101.72513106647364	268.18605446223114	267.64284605363264	17.060678894179148	(267.64284605363264+17.060678894179148j)
93.90013016905552	267.1312451790429	266.63823096959214	16.222081750266707	(266.63823096959214+16.222081750266707j)
87.19298532433072	266.18775360972853	265.740018162629	15.432527943248685	(265.740018162629+15.432527943248685j)
81.38012554918876	265.33837973459526	264.9316731533664	14.685513962341464	(264.9316731533664+14.685513962341464j)
76.2938725529933	264.56969791835263	264.2002573164172	13.976733901284415	(264.2002573164172+13.976733901284415j)
67.81678278877874	263.23449223176203	262.9295685913076	12.666485736085528	(262.9295685913076+12.666485736085528j)
61.03510968390684	262.1184636463746	261.8665419567393	11.489264030175855	(261.8665419567393+11.489264030175855j)
55.486467197441	261.1759832263415	260.96753789970387	10.43256329062186	(260.96753789970387+10.43256329062186j)
50.86259787076453	260.3740359363183	260.201122925192	9.487582317761106	(260.201122925192+9.487582317761106j)
46.95009263840157	259.68755947666335	259.5435885487565	8.64605055382964	(259.5435885487565+8.64605055382964j)
43.596516420355464	259.0971906666566	258.97670556750114	7.900644578616324	(258.97670556750114+7.900644578616324j)
40.69008347062001	258.5872856141106	258.4858182944718	7.24334328269139	(258.4858182944718+7.24334328269139j)
38.14695446636467	258.14609629648965	258.0599171640116	6.669796580105221	(258.0599171640116+6.669796580105221j)
33.90840576663305	257.4286607919278	257.3646600697246	5.739960306529389	(257.3646600697246+5.739960306529389j)
30.51756648347228	256.87876214043536	256.82913087216434	5.049353844902176	(256.82913087216434+5.049353844902176j)
27.743243219811465	256.4522898022671	256.4118446129492	4.554435970653173	(256.4118446129492+4.554435970653173j)
25.431307019771904	256.1155802830893	256.0809685615476	4.210463670813916	(256.0809685615476+4.210463670813916j)
23.475053207675302	255.84435488969856	255.8133775335891	3.981181204548723	(255.8133775335891+3.981181204548723j)
21.798264149730112	255.62081751846281	255.59201842332214	3.8369867212980404	(255.59201842332214+3.8369867212980404j)
20.34504690932036	255.43192815348087	255.4043375192955	3.754237144187126	(255.4043375192955+3.754237144187126j)
19.07348178065259	255.26874869900826	255.24169104237546	3.716613537344699	(255.24169104237546+3.716613537344699j)
16.954206476379728	254.99314652139765	254.9659834531837	3.7218348477370906	(254.9659834531837+3.7218348477370906j)
15.258786152117517	254.7588356344321	254.73081074571053	3.7786757792369974	(254.73081074571053+3.7786757792369974j)
13.871624015179727	254.54961737663993	254.52042546013203	3.8549617620875933	(254.52042546013203+3.8549617620875933j)
12.715655530984325	254.3563453821336	254.32595392284412	3.931869452386585	(254.32595392284412+3.931869452386585j)
11.737528325957038	254.17454449966868	254.14304145142555	4.001693820503377	(254.14304145142555+4.001693820503377j)
10.899133559753759	254.00186175144154	253.96938537243034	4.0616581279548365	(253.96938537243034+4.0616581279548365j)
10.172524748163262	253.83703891100132	253.80373849596336	4.111526307570289	(253.80373849596336+4.111526307570289j)
9.536742027194265	253.67917656700737	253.6452032983584	4.151562049317995	(253.6452032983584+4.151562049317995j)
8.477104136455951	253.38264979912634	253.34771130696268	4.20765905826458	(253.34771130696268+4.20765905826458j)
7.629393803654312	253.10957426310358	253.07405402924783	4.240254809665135	(253.07405402924783+4.240254809665135j)
6.935812608908517	252.85727323138883	252.82145498396702	4.255881319206095	(252.82145498396702+4.255881319206095j)
6.357828270766876	252.62373165880388	252.58780198044664	4.260526716971138	(252.58780198044664+4.260526716971138j)
5.86876459350846	252.40700436131053	252.37108370785072	4.2581637798042795	(252.37108370785072+4.2581637798042795j)
5.44956715109913	252.2053499651939	252.16951132975151	4.251600496313623	(252.16951132975151+4.251600496313623j)
5.086262697457463	252.01723983930952	251.9815206862229	4.242924567169912	(251.9815206862229+4.242924567169912j)
4.768371297814176	251.84124133206282	251.80565856378655	4.233338036591082	(251.80565856378655+4.233338036591082j)
4.238552292794533	251.52073951811187	251.48542757341687	4.2145137268222586	(251.48542757341687+4.2145137268222586j)
3.8146970837260703	251.23559804970134	251.20050427007163	4.199092979777311	(251.20050427007163+4.199092979777311j)
3.467906454783942	250.9792684609197	250.94432334129792	4.188052047974153	(250.94432334129792+4.188052047974153j)
3.1789142617021318	250.74677124191788	250.71190039124858	4.181661207623823	(250.71190039124858+4.181661207623823j)
2.9343824043867275	250.53421594080854	250.49934696040373	4.179776248432174	(250.49934696040373+4.179776248432174j)
2.7247836683551374	250.3385121824589	250.30357929351615	4.181970179425354	(250.30357929351615+4.181970179425354j)
2.5431314295726977	250.1572899096539	250.12222824933426	4.188153594434212	(250.12222824933426+4.188153594434212j)
2.3841857199613554	249.98867404200462	249.95341711971693	4.1983829573332985	(249.95341711971693+4.1983829573332985j)
2.1192762025389102	249.68299837850674	249.64717264106784	4.22952380325178	(249.64717264106784+4.22952380325178j)
1.9073485873377671	249.41163422115162	249.37501503153658	4.27377618581554	(249.37501503153658+4.27377618581554j)
1.733953264974394	249.1677735232645	249.13013805416924	4.330551425788429	(249.13013805416924+4.330551425788429j)
1.589457162430741	248.94622683808328	248.90736470628346	4.398596582047962	(248.90736470628346+4.398596582047962j)
1.4671912291014895	248.74296078676858	248.70267850300564	4.476409989992712	(248.70267850300564+4.476409989992712j)
1.3623918573789628	248.55480776451176	248.51293084119845	4.562419048170672	(248.51293084119845+4.562419048170672j)
1.271565734997341	248.37925233054239	248.33562504411773	4.65513933482317	(248.33562504411773+4.65513933482317j)
1.1920928777442452	248.21447369069668	248.16894472331057	4.753927267845601	(248.16894472331057+4.753927267845601j)
1.0596381153048666	247.9106131604144	247.8609201617872	4.963504218272086	(247.8609201617872+4.963504218272086j)
0.9536743050375669	247.63323092817504	247.57899547386853	5.182476249540481	(247.57899547386853+5.182476249540481j)
0.8669766418828033	247.37650589158778	247.3173820666441	5.4081600228140285	(247.3173820666441+5.4081600228140285j)
0.7947285891102897	247.13607357895586	247.07176218296135	5.637658718764769	(247.07176218296135+5.637658718764769j)
0.7335956212777764	246.9089741824389	246.83919494799088	5.869699247153078	(246.83919494799088+5.869699247153078j)
0.6811959344898303	246.69305815176523	246.6175378849788	6.10368313571917	(246.6175378849788+6.10368313571917j)
0.6357828725514189	246.48657671457303	246.40505475881685	6.338887108441067	(246.40505475881685+6.338887108441067j)
0.5960464433130146	246.28858784116136	246.20077110737805	6.5763825106140965	(246.20077110737805+6.5763825106140965j)
0.5298190611612863	245.9133799682906	245.81215176871868	7.05524558476027	(245.81215176871868+7.05524558476027j)
0.4768371553609544	245.5601951007215	245.44451883118836	7.536417824857898	(245.44451883118836+7.536417824857898j)
0.43348832329030323	245.22521507262405	245.09397037551503	8.02195692963343	(245.09397037551503+8.02195692963343j)
0.3973642965288746	244.90487917999357	244.75696223057147	8.510539690869264	(244.75696223057147+8.510539690869264j)
0.3667978123206462	244.59668486947842	244.4309849585909	9.001768787968645	(244.4309849585909+9.001768787968645j)
0.3405979686950023	244.29865299338948	244.1140596161249	9.495143607105028	(244.1140596161249+9.495143607105028j)
0.3178914375388965	244.00905280508684	243.80448498219027	9.989542201953869	(243.80448498219027+9.989542201953869j)
0.2980232227667303	243.72725351728488	243.50154060518486	10.486840800753983	(243.50154060518486+10.486840800753983j)
0.2649095314578564	243.18166621756342	242.91039906986052	11.483066144176203	(242.91039906986052+11.483066144176203j)
0.23841857839101993	242.65394953917394	242.3330870147926	12.474540666531052	(242.3330870147926+12.474540666531052j)
0.21674416223237697	242.14097499176395	241.7663946215841	13.46336516783668	(241.7663946215841+13.46336516783668j)
0.19868214875786974	241.63915202468164	241.20696970125368	14.445676126291115	(241.20696970125368+14.445676126291115j)
0.18339890658076255	241.14602475032655	240.65257230381573	15.418971964493856	(240.65257230381573+15.418971964493856j)
0.17029898471002294	240.65979654521138	240.1016293973189	16.381246409692682	(240.1016293973189+16.381246409692682j)
0.158945719085245	240.17887801943763	239.55285038226057	17.32989672243287	(239.55285038226057+17.32989672243287j)
0.14901161166092092	239.70300309251508	239.00599874281298	18.266424294885248	(239.00599874281298+18.266424294885248j)
0.1324547659482315	238.76149925173067	237.9146996032227	20.091023807723197	(237.9146996032227+20.091023807723197j)
0.11920928937314564	237.82919652606728	236.8242038332093	21.84086076603342	(236.8242038332093+21.84086076603342j)
0.10837208126299483	236.9059262269625	235.7354311384818	23.52072251035443	(235.7354311384818+23.52072251035443j)
0.09934107450229297	235.9903152550132	234.6486339160248	25.128619052862657	(234.6486339160248+25.128619052862657j)
0.09169945339549114	235.08207157990273	233.56479718913155	26.665818800448694	(233.56479718913155+26.665818800448694j)
0.08514949244564192	234.18107728173572	232.48498216871852	28.133787922086114	(232.48498216871852+28.133787922086114j)
0.07947285962157169	233.28745769493418	231.4103228852984	29.534731755809865	(231.4103228852984+29.534731755809865j)
