ome	zstar	zpr	zppr	zstarFi	zprFi	zpprFi	zprS	zpprS	zC
100000000.0	55091.16074439292	7207.771461336081	54617.61641380635	58561.52836984114	24276.011410886127	53292.850130108774	24673.848201131063	53160.03009166212	(24673.848201131063+53160.03009166212j)
80000000.0	45406.64601668204	7509.097184431103	44781.43546112647	48067.813638766514	21297.385294961146	43092.18128163346	20716.928159285846	43281.54017174091	(20716.928159285846+43281.54017174091j)
40000000.0	25965.01177246843	8000.569117548996	24701.67464241535	26724.204377121438	12603.796427834199	23565.38595474028	12491.563454359737	23618.766688436725	(12491.563454359737+23618.766688436725j)
26666666.666666668	19477.459531237386	8307.677265674238	17616.864881141293	19690.89254728463	9844.33512655541	17053.454641942102	9934.628849310697	17032.044884680763	(9934.628849310697+17032.044884680763j)
20000000.0	16219.047554428345	8509.787389437324	13807.28149055351	16225.141099313198	8563.309821725656	13781.325356792038	8623.661349298221	13762.82648686328	(8623.661349298221+13762.82648686328j)
16000000.0	14243.828352274732	8603.2250809639	11352.143600894906	14177.920494083444	7867.450060895881	11794.772531755783	7934.283773433046	11758.607576808186	(7934.283773433046+11758.607576808186j)
13333333.333333334	12908.816849315908	8611.240446557804	9616.86489562733	12832.77709989447	7457.471073188695	10443.48089901685	7529.581800127401	10379.331867323303	(7529.581800127401+10379.331867323303j)
11428571.42857143	11940.697176246387	8556.527372446248	8328.630642512402	11882.801260857883	7204.095205945116	9449.972384548237	7257.274733862563	9384.30913344514	(7257.274733862563+9384.30913344514j)
10000000.0	11203.667370436342	8458.732814595123	7346.563939602761	11174.843189002831	7042.095894804372	8676.75087271626	7086.291729333681	8595.342241396844	(7086.291729333681+8595.342241396844j)
8888888.88888889	10622.326393873587	8333.155838739194	6587.285615886891	10624.218205817993	6934.987000484386	8048.6003620472475	6961.785548035059	7962.399738785986	(6961.785548035059+7962.399738785986j)
8000000.0	10151.126223195917	8190.979035988007	5996.100902358196	10180.556124927927	6860.88590179304	7521.433882936487	6868.0913128344655	7441.119021251225	(6868.0913128344655+7441.119021251225j)
7272727.2727272725	9760.677835721099	8039.957619722941	5534.42980674578	9812.246480995589	6806.060846770824	7068.077302482162	6790.715992446989	6991.335616582458	(6790.715992446989+6991.335616582458j)
6666666.666666667	9431.01703241457	7885.236951553071	5173.695051271938	9498.635148246058	6761.67342833996	6671.120005514572	6725.00875641561	6608.741259065464	(6725.00875641561+6608.741259065464j)
6153846.153846155	9148.03552951416	7730.087276205615	4892.065489289515	9225.801410219341	6721.992346236169	6319.037154341438	6659.191761564598	6271.803428892692	(6659.191761564598+6271.803428892692j)
5714285.7142857155	8901.45902814982	7576.522003999952	4672.503306872504	8984.129678733105	6683.3408330481225	6003.960475686414	6592.688681929656	5975.850932818757	(6592.688681929656+5975.850932818757j)
5333333.333333335	8683.650048750062	7425.679069399883	4501.673969473293	8766.842109902009	6643.434936362099	5720.34027189595	6532.277890222467	5715.74509556999	(6532.277890222467+5715.74509556999j)
5000000.000000002	8488.803160482666	7278.335945988921	4368.707469577938	8569.075878579395	6600.945627004977	5464.117334224725	6464.093574746656	5483.191001013267	(6464.093574746656+5483.191001013267j)
4705882.352941178	8312.592603003983	7134.399590227446	4266.091685662532	8387.284506120139	6555.198511241052	5232.199715686132	6401.9385560362225	5276.276986997635	(6401.9385560362225+5276.276986997635j)
4210526.315789475	8002.933164324911	6858.585748052724	4123.922982944709	8067.493805083203	6386.158900158394	4929.648141296049	6263.696137785804	4922.9106488238085	(6263.696137785804+4922.9106488238085j)
3809523.8095238106	7735.239222097478	6599.957973146142	4034.1641731317623	7786.905221361575	6233.288379893888	4667.1199791250265	6127.037768375187	4635.072849324099	(6127.037768375187+4635.072849324099j)
3478260.8695652187	7497.960821750113	6357.471151090355	3975.1700652366435	7535.916811240285	6091.451428769502	4436.69490464196	5995.207794377063	4397.853163868068	(5995.207794377063+4397.853163868068j)
3200000.0000000014	7283.644651562128	6131.209169190583	3931.8893084448496	7308.424702577295	5957.784354160219	4232.951360760683	5868.832699700534	4199.339925832018	(5868.832699700534+4199.339925832018j)
2962962.9629629645	7087.527544256207	5920.753469992151	3895.859986981864	7100.3296285080605	5830.673171856941	4051.9046381247845	5743.057370117611	4027.7543040776454	(5743.057370117611+4027.7543040776454j)
2758620.689655174	6906.420230368836	5725.54875396514	3862.218515881275	6908.723066709232	5709.191679832333	3890.447888792944	5615.405836659773	3874.1743943409397	(5615.405836659773+3874.1743943409397j)
2580645.161290324	6738.107249566471	5544.812615976834	3828.46475239937	6731.431557520539	5592.7897406312995	3746.0477480502927	5493.772981251035	3736.9473244237665	(5493.772981251035+3736.9473244237665j)
2424242.4242424257	6580.954715727974	5377.756922179255	3793.243395356455	6566.75554052371	5481.119733441388	3616.5736266082345	5378.091223072378	3613.8480083225822	(5378.091223072378+3613.8480083225822j)
2162162.1621621633	6295.433180970426	5080.661062871073	3717.4402618319505	6272.479208686732	5255.928272355916	3423.333670452982	5169.397689295842	3403.752468227805	(5169.397689295842+3403.752468227805j)
1951219.512195123	6042.471493411793	4826.305902488184	3635.688804656122	6013.56771247783	5055.517073196707	3256.4925541404887	4978.808861367734	3230.1091380029443	(4978.808861367734+3230.1091380029443j)
1777777.7777777787	5816.724794554301	4607.810872938035	3549.981168234108	5783.885446523215	4875.742144474767	3111.345271598068	4809.102684308166	3085.3875603062133	(4809.102684308166+3085.3875603062133j)
1632653.0612244906	5614.073062116175	4419.091952693793	3462.5774591213744	5578.721231416795	4713.429696693232	2984.243802404701	4656.784216412914	2962.654646668875	(4656.784216412914+2962.654646668875j)
1509433.9622641518	5431.2018953375255	4255.122826585395	3375.186477602363	5394.353507668302	4566.063583351418	2872.3010146022857	4515.145575935708	2854.9919418294367	(4515.145575935708+2854.9919418294367j)
1403508.7719298254	5265.393608745646	4111.804117672952	3288.9871925726998	5227.787439478588	4431.6026838907665	2773.2037726251274	4381.088759526206	2758.0135832060573	(4381.088759526206+2758.0135832060573j)
1311475.4098360664	5114.3987344696	3985.7373017323116	3204.8358111959305	5076.580457682302	4308.364005642569	2685.082631541414	4258.759686187769	2671.6004853742384	(4258.759686187769+2671.6004853742384j)
1230769.2307692317	4976.321789517463	3874.389781000379	3122.9605149130725	4938.718488655739	4194.941969033611	2606.415582103214	4146.089865924038	2593.9748878245596	(4146.089865924038+2593.9748878245596j)
1095890.4109589048	4732.856025874227	3686.796045480343	2967.73669328741	4696.819793954659	3991.8128016769538	2474.984188485307	3949.5878689814167	2461.569853670681	(3949.5878689814167+2461.569853670681j)
987654.3209876548	4525.008001872373	3534.949076427404	2824.8597211320152	4490.940200225429	3818.1343032531367	2364.4014727457984	3780.1706425666903	2351.8668899922186	(3780.1706425666903+2351.8668899922186j)
898876.4044943824	4345.418787360797	3409.929126065273	2693.5195920505025	4313.601975986125	3667.761173478243	2270.394234831673	3634.7818395273043	2260.1336456548656	(3634.7818395273043+2260.1336456548656j)
824742.2680412375	4188.622192253991	3305.026283268142	2573.199785548996	4159.25323841466	3536.114892126816	2189.8125424204222	3508.336204494188	2182.14738973679	(3508.336204494188+2182.14738973679j)
761904.7619047624	4050.45813106487	3215.507144510228	2463.072243177857	4023.6838019589172	3419.7097764269733	2120.286863411729	3394.9221534204553	2114.196249407465	(3394.9221534204553+2114.196249407465j)
707964.6017699119	3927.714581785699	3137.902023911629	2362.310886463362	3903.6421603748695	3315.844200374092	2059.9998434712747	3290.746675932144	2053.8595164870976	(3290.746675932144+2053.8595164870976j)
661157.0247933888	3817.8747954865853	3069.6348332992893	2270.1343449689007	3796.5767023251333	3222.3918681924984	2007.5321428173556	3198.5852721081883	2000.9758960986258	(3198.5852721081883+2000.9758960986258j)
620155.0387596904	3718.9359766195403	3008.811131491731	2185.7585349728324	3700.456621369961	3137.6571466745563	1961.7560593924177	3114.4274228929457	1953.768845958979	(3114.4274228929457+1953.768845958979j)
551724.1379310348	3547.641385824018	2903.897090310861	2037.9256834574394	3534.1140872017104	2992.920277327323	1879.4655077762181	2969.704514050582	1873.9363858187855	(2969.704514050582+1873.9363858187855j)
496894.40993788844	3404.1974887123	2815.039175819883	1914.1878122991077	3395.24965752394	2871.10855506896	1812.3067902334485	2847.2341721351436	1808.374708990471	(2847.2341721351436+1808.374708990471j)
451977.4011299438	3281.9859516995352	2737.438459743647	1810.4868036717178	3277.1567015985356	2766.531301943902	1756.7187032068543	2743.2498487543908	1753.6744360023567	(2743.2498487543908+1753.6744360023567j)
414507.77202072565	3176.326586139148	2667.9908235745693	1723.622797231536	3175.099246259333	2675.169485328227	1710.1822851279019	2653.442295865112	1707.1787634101026	(2653.442295865112+1707.1787634101026j)
382775.11961722514	3083.8015809735352	2604.701002663082	1650.8679164429875	3085.6481842756075	2594.1146618376993	1670.8661940329132	2572.8666403079264	1666.652508506668	(2572.8666403079264+1666.652508506668j)
355555.5555555558	3001.859105792291	2546.2169076406085	1589.9489143595736	3006.2680617415162	2521.220600253961	1637.404758727099	2497.853661638314	1630.3351389291834	(2497.853661638314+1630.3351389291834j)
331950.20746887993	2928.546895149261	2491.636824689751	1538.873890524611	2935.0500730216936	2454.877901961526	1608.7552385635383	2431.9765013876927	1598.723143859081	(2431.9765013876927+1598.723143859081j)
311284.0466926072	2862.3767445118924	2440.190890216001	1496.2182483947117	2870.5344243161117	2393.863795400545	1584.1035352066888	2370.7975153762864	1569.978772089111	(2370.7975153762864+1569.978772089111j)
276816.60899653996	2746.9058389624884	2345.1672606590955	1430.2734730319671	2756.307520315107	2291.284475158611	1532.0726485525229	2264.6992357959266	1520.8112591005142	(2264.6992357959266+1520.8112591005142j)
249221.1838006232	2648.4896155464485	2258.8140286771536	1382.843601969746	2658.1321265132665	2202.101987765088	1488.7623173236848	2173.01358170791	1478.7595131649632	(2173.01358170791+1478.7595131649632j)
226628.8951841361	2562.676664069245	2179.330407643054	1348.2695052872157	2571.910112515987	2122.8764265630402	1451.9357094599384	2094.0917614236405	1442.4649648030486	(2094.0917614236405+1442.4649648030486j)
207792.20779220795	2486.4376327294267	2105.768995725247	1322.1607459365143	2494.92292458959	2051.3400296951063	1420.0860826770859	2024.8979344295046	1410.4279692139482	(2024.8979344295046+1410.4279692139482j)
191846.52278177472	2417.6998460206387	2037.4349392056565	1301.588035421447	2425.3009359848897	1985.9474625893415	1392.1556327954638	1960.972389745946	1380.7257083109862	(1960.972389745946+1380.7257083109862j)
178173.7193763921	2355.0049105011512	1973.820245480489	1284.5550852399742	2361.7138890642086	1925.6134199563746	1367.3717309798033	1899.5967661645616	1352.0219441039012	(1899.5967661645616+1352.0219441039012j)
166320.16632016643	2297.3032498746497	1914.5173611858695	1269.7344193186707	2303.1841820734517	1869.5539609593293	1345.1488258236104	1845.6008297098624	1326.94591451929	(1845.6008297098624+1326.94591451929j)
155945.41910331397	2243.8233518913858	1859.1577839130937	1256.2943799159682	2248.971471439328	1817.1880470304673	1325.0284076492744	1794.4907314802435	1302.8350620190229	(1794.4907314802435+1302.8350620190229j)
138648.1802426344	2147.3087417895867	1759.0729315714057	1231.5020316583968	2150.579782848309	1729.5368087070842	1278.16111258448	1704.9978714992058	1260.2154791804314	(1704.9978714992058+1260.2154791804314j)
124804.99219968807	2062.122609678034	1671.3319689914847	1207.8903537872936	2064.054932794452	1652.0363091779452	1237.37577103757	1626.972688415392	1221.6647211973232	(1626.972688415392+1221.6647211973232j)
113475.17730496461	1986.071572985143	1593.9445208984139	1184.8295899907318	1987.0851402115866	1582.7789080767639	1201.3818221519036	1559.6425343366259	1187.2890300254746	(1559.6425343366259+1187.2890300254746j)
104031.20936280892	1917.5840911566584	1525.2812814638519	1162.172861098166	1917.988019888488	1520.3856835934907	1169.2328329121267	1500.648472273234	1156.1363789340692	(1500.648472273234+1156.1363789340692j)
96038.41536614652	1855.4757947350536	1463.9718156455347	1139.9898893600746	1855.487273474997	1463.819146509542	1140.2045993328366	1446.4854677039768	1126.382057432142	(1446.4854677039768+1126.382057432142j)
89186.17614269795	1798.818558091834	1408.8948579084938	1118.3753771854017	1798.5863305123605	1412.27623354408	1113.7273582311182	1395.3802749848896	1097.1216573254208	(1395.3802749848896+1097.1216573254208j)
83246.6181061395	1746.86768792088	1359.1288066512216	1097.4131428194523	1746.4908608715473	1365.1222786305607	1089.3445237822348	1350.4661184435988	1071.4765473433836	(1350.4661184435988+1071.4765473433836j)
78048.78048780494	1699.0134639488683	1313.9479894452493	1077.1199709003265	1698.5577158784206	1321.847293503592	1066.6855426166355	1308.5799428183889	1046.6636751229657	(1308.5799428183889+1046.6636751229657j)
69384.21509106683	1613.6676247498283	1234.9470045308756	1038.6669818406524	1612.9041852141527	1249.9855567166983	1019.3115415225001	1235.9886877243941	1002.7096802330825	(1235.9886877243941+1002.7096802330825j)
62451.20999219364	1539.6527293030026	1168.1057355442272	1003.0251828537831	1538.7597735007869	1187.9089241882327	978.0869227109362	1174.099473668266	963.2252621043727	(1174.099473668266+963.2252621043727j)
56777.85663591204	1474.7118053523543	1110.8633214584363	969.9265899458221	1473.7874549114536	1133.717240876199	941.665906781401	1121.4879277732691	928.3241871150276	(1121.4879277732691+928.3241871150276j)
52049.446974625935	1417.1754229207747	1061.3185709819857	939.1427315479968	1416.2698874259904	1086.0188592684237	909.0563411268517	1076.0747445537102	897.035076134349	(1076.0747445537102+897.035076134349j)
48048.048048048084	1365.776354707233	1018.0587587649597	910.4402313053432	1364.9119538477494	1043.7682818639505	879.5069161361141	1035.4046147566062	867.6042885112628	(1035.4046147566062+867.6042885112628j)
44617.958728388214	1319.53242152891	979.9990952540011	883.6105390766274	1318.7149584944416	1006.1616669416276	852.4364150681517	998.1935043505068	839.2397233739065	(998.1935043505068+839.2397233739065j)
41644.97657470071	1277.6683197561997	946.2782327647176	858.4834544150013	1276.893686879943	972.5676954550074	827.3871919187471	965.6135076353855	814.3761059124415	(965.6135076353855+814.3761059124415j)
39043.435822352396	1239.561307025502	916.2485048855559	834.8658042881826	1238.8203229766148	942.4806447702089	803.99379777049	935.864241054359	790.6928983477741	(935.864241054359+790.6928983477741j)
34707.158351410006	1172.684629252553	865.0657486261367	791.7389028203041	1171.9734268375998	891.1463346503795	761.1701015230833	884.9808617576795	749.1319384077833	(884.9808617576795+749.1319384077833j)
31237.797735259686	1115.8141263111809	823.0268533312936	753.4374314906138	1115.1323262853473	848.0230249699889	724.1388363064916	842.5534670359466	712.6348604537284	(842.5534670359466+712.6348604537284j)
28399.006034788796	1066.7751886869132	787.9074008296959	719.1739921019058	1066.115256929053	811.3925102051866	691.5518313473162	806.9451379368	680.9269877578424	(806.9451379368+680.9269877578424j)
26033.19232020828	1023.9894210689998	758.0676402732589	688.3950807724866	1023.3400876193253	780.0082095089812	662.4289607401851	776.5671325685631	652.9772263351741	(776.5671325685631+652.9772263351741j)
24031.24061279665	986.2802286146481	732.3428233792629	660.6229472256109	985.627970321918	752.9389218317402	636.038894936277	749.9164534033777	627.2005384514811	(749.9164534033777+627.2005384514811j)
22315.202231520238	952.7520034917011	709.8810985379541	635.4566909679982	952.0808507797811	729.4704256633438	611.825828568958	726.1099766167096	602.8388206905495	(726.1099766167096+602.8388206905495j)
20827.90939859413	922.7107458923215	690.047068745976	612.5603345795828	922.0016428405775	709.041611309663	589.3615383040536	705.3681832470609	581.484633575537	(705.3681832470609+581.484633575537j)
19526.482792287054	895.6097093308645	672.3799138900198	591.6265738157516	894.840467746491	691.2018269127088	568.3128515081216	686.6962404949743	561.4355080144506	(686.6962404949743+561.4355080144506j)
17357.344326318085	848.5689676840523	642.1388608529595	554.7314452046518	847.8190637045806	658.238450430526	534.3400669571126	655.0413553591937	526.5499950040154	(655.0413553591937+526.5499950040154j)
15621.948838117563	809.0378718832608	617.0806640211224	523.2148050587313	808.2926351508319	631.1819513875306	504.92210120146734	628.8913404221247	496.50352140703535	(628.8913404221247+496.50352140703535j)
14202.023788389854	775.2567973131688	595.9450067838987	495.85547357028395	774.4977370809574	608.6626582321976	478.93268130003287	606.9915464165124	470.79591526137585	(606.9915464165124+470.79591526137585j)
13018.714401952815	745.9898558351782	577.8597972720829	471.78270390684867	745.1946256738242	589.7095088530874	455.5850363010197	588.3102417869918	448.46468665990227	(588.3102417869918+448.46468665990227j)
12017.425266636632	720.3412819332823	562.2171468305747	450.33703186277324	719.4848442608037	573.6110330602185	434.3141994830263	571.9806526391089	428.17651876831025	(571.9806526391089+428.17651876831025j)
11159.157483609995	697.6448150235772	548.5706126318086	431.0203833765213	696.6999928940388	559.8305750244302	414.7054465115806	557.4766362817797	409.2652570048963	(557.4766362817797+409.2652570048963j)
10415.31050644448	677.3940558970493	536.5740850337294	413.4621605840986	676.3313744867249	547.9529817304217	396.44880871033365	544.8834666612113	392.6674501825856	(544.8834666612113+392.6674501825856j)
9764.433052605891	659.1944893339432	525.9756637884961	397.34994132438106	657.9840293404176	537.6499814562006	379.30921463523487	533.5544241788812	377.2698002641018	(533.5544241788812+377.2698002641018j)
8679.613757187812	627.7726491258987	508.10610372792667	368.6823651125372	626.7512238144734	516.6268049919828	354.84340337212956	514.3478106257736	350.66846302263406	(514.3478106257736+350.66846302263406j)
7811.7371350454105	601.5560601874396	493.6162600768395	343.8207110340917	600.731789272666	499.60499358635593	333.5768772356921	498.4015270007464	328.1760376456067	(498.4015270007464+328.1760376456067j)
7101.642254771419	579.3127709972745	481.6384737976446	321.9125148210553	578.6877545471527	485.6166467994642	314.7316152121838	484.95859209730503	309.2258120467338	(484.95859209730503+309.2258120467338j)
6509.886890715277	560.1831612651989	471.52565317398114	302.4379813514208	559.7460927982651	473.97602312851626	297.76235138479177	473.4205381018745	293.01537327366333	(473.4205381018745+293.01537327366333j)
6009.163975061973	543.544062807693	462.820911458475	285.02096787822427	543.2701547841548	464.18026775450994	282.27493708537247	463.3298684564329	278.5120274349622	(463.3298684564329+278.5120274349622j)
5579.967915184491	528.9320236966092	455.19351469068783	269.38439055618824	528.783215428714	455.8502007874086	267.9781397077176	454.39988317792836	265.1529735939967	(454.39988317792836+265.1529735939967j)
5207.994271206305	515.9939948672863	448.40469857809416	255.3096728136043	515.9207120047803	448.69342025749216	254.65348160422423	446.6648372484266	253.41971785027934	(446.6648372484266+253.41971785027934j)
4882.51449496491	504.4561464098295	442.27902731771485	242.62165122995796	504.3991116880062	442.48035621085097	242.1354956200519	439.70591834965455	242.6342477688937	(439.70591834965455+242.6342477688937j)
4340.042315412578	484.7568471191399	431.5412894856885	220.8196465397007	485.444314220132	429.46366778315326	226.31204179825616	427.9032869267579	224.10674314670382	(427.9032869267579+224.10674314670382j)
3906.059274449492	468.553036970081	422.3089508931776	202.97068371907753	469.7979726393021	419.04939493998785	212.38582743777542	418.03878739448675	208.63909130749002	(418.03878739448675+208.63909130749002j)
3550.978738514805	454.9819905356228	414.19199243641776	188.2912773160457	456.58622887281734	410.5168467209654	199.86721330567482	409.6688181494719	195.75153500801946	(409.6688181494719+195.75153500801946j)
3255.075883956547	443.43845650419837	406.95011042414217	176.1512768406869	445.21025482542046	403.3701373450382	188.42691766295195	402.4303940075364	184.83541843908347	(402.4303940075364+184.83541843908347j)
3004.6948356807534	433.48417807117363	400.4245179746416	166.03836316591676	435.2492428843856	397.2595945473816	177.83902263418133	395.992487167016	175.09781415387963	(395.992487167016+175.09781415387963j)
2790.081261116732	424.79466318403774	394.5020085414239	157.53942721243587	426.4013482494768	391.933825805201	167.94637828387343	390.14860771964976	166.1013442720848	(390.14860771964976+166.1013442720848j)
2604.081898375706	417.12431318984795	389.09832076194067	150.31696322883954	418.4461690642463	387.2092637570447	158.6385276824995	385.0843612515117	158.1805873707133	(385.0843612515117+158.1805873707133j)
2441.3317464676998	410.2879993564651	384.1434557577204	144.11817308877815	411.2202810923419	382.9502931512116	149.83722019934098	380.4137266623519	150.89288846759243	(380.4137266623519+150.89288846759243j)
2170.080021700802	398.56195824402147	375.3800466317359	133.94571717701507	399.5320358166946	374.3071128955851	139.71411124007574	372.3672612155061	138.36841923669192	(372.3672612155061+138.36841923669192j)
1953.0773174483056	388.7853033328297	367.87877041549797	125.77449012093729	389.6141121826054	367.08375915973994	130.5705563019239	365.4525941919235	127.96028870291421	(365.4525941919235+127.96028870291421j)
1775.5287746632052	380.44364115579003	361.38573606847876	118.90211882939401	381.0282113323913	360.9002785306007	122.20264640218026	359.49376806458	119.34453293737958	(359.49376806458+119.34453293737958j)
1627.5710536488118	373.1950119051669	355.7153179553113	112.87661176191213	373.484759487408	355.5083654708295	114.47562032863632	354.27036383101023	112.0989299118817	(354.27036383101023+112.0989299118817j)
1502.3756314672585	366.8093540751951	350.72153296913245	107.44072109234729	366.7824720108704	350.7378677250841	107.29552608597605	349.53233251211674	105.67356000317724	(349.53233251211674+105.67356000317724j)
1395.0649577120944	361.1248512270058	346.2891491884706	102.4450258824323	360.7750325646651	346.46718766356094	100.59379699831396	345.1644311657962	99.76869919381056	(345.1644311657962+99.76869919381056j)
1302.062140915676	356.02417912154857	342.32586956603853	97.80703014113072	355.352002308633	342.6062995837874	94.31844480407243	341.3505433254678	94.55704910585605	(341.3505433254678+94.55704910585605j)
1220.6844988327211	351.4177938945865	338.7580625480512	93.47427948066102	350.427428102705	339.08661003709506	88.42880334046991	337.83086334987604	89.8012751805599	(337.83086334987604+89.8012751805599j)
1085.0547274478163	343.4293741830259	332.57989145169995	85.64082469079982	342.72178041067355	332.737222179391	82.12283326946613	331.7676870798461	81.67344650041977	(331.7676870798461+81.67344650041977j)
976.5505792165628	336.7551600711033	327.3992094363539	78.82763154481377	336.25994636852624	327.46102034199856	76.4201000283391	326.62720539969223	75.02015363781659	(326.62720539969223+75.02015363781659j)
887.7742390110199	331.110891565747	322.97915159682515	72.93072155997729	330.74961595044607	322.9929730612608	71.20988558069199	322.25885859205437	69.58262198878383	(322.25885859205437+69.58262198878383j)
813.7938049946598	326.2909504989242	319.1553358659091	67.86498335526332	325.9803940424618	319.143452919938	66.41290355358662	318.49147952332294	65.06819947040967	(318.49147952332294+65.06819947040967j)
751.1948693390428	322.13786630178515	315.8101123489204	63.535642309093525	321.79756974504414	315.774092222929	61.970949440860345	315.1412795284739	61.11614222650668	(315.1412795284739+61.11614222650668j)
697.5385608035648	318.5290461119034	312.85604712709744	59.84853375786644	318.0856594605534	312.7826221559896	57.840453245791466	312.10017668094093	57.51858760410388	(312.10017668094093+57.51858760410388j)
651.0363685191368	315.3664636918284	310.22588044348083	56.708989803703	314.7574263541968	310.0927510549545	53.98817637490318	309.45026177540615	54.34357499263204	(309.45026177540615+54.34357499263204j)
610.3469059226542	312.5748647958869	307.8672780418216	54.04428936795017	311.74629315518933	307.64716048727604	50.38825200498112	307.02457161181036	51.466498234602724	(307.02457161181036+51.466498234602724j)
542.531042948114	307.85850011072125	303.80168055875686	49.81360236017883	307.1511013777256	303.57420958111567	46.73861738167612	302.8673308442626	46.57151883841721	(302.8673308442626+46.57151883841721j)
488.27826978595124	304.0001663910806	300.4029070088207	46.62825995525141	303.2490994612051	300.1267827383936	43.404269457427326	299.3611572958104	42.60169604294835	(299.3611572958104+42.60169604294835j)
443.88958246636173	300.7601262334411	297.5008152534431	44.15788101225136	299.86019247075666	297.13481958952974	40.3365097163457	296.3927130231113	39.3816923607905	(296.3927130231113+39.3816923607905j)
406.89897207147203	297.97258479668045	294.9766332433802	42.14791964991022	296.8678084707071	294.4895987370349	37.501625856762644	293.833740218344	36.72675377742516	(293.833740218344+36.72675377742516j)
375.5991980957123	295.52709684809196	292.747892651102	40.434345794143695	294.193548683321	292.1191496280053	34.8747259128532	291.53543525930905	34.41509457282774	(291.53543525930905+34.41509457282774j)
348.77080090854815	293.3480646247204	290.7560029297298	38.9105869834432	291.78250942940224	289.9739940790015	32.43633096992333	289.4219454662421	32.31846899120713	(289.4219454662421+32.31846899120713j)
325.51950879106147	291.3833671409144	288.9587018026864	37.511802127904986	289.5946096959113	288.018719747305	30.17043320952766	287.5719217084447	30.46633630977581	(287.5719217084447+30.46633630977581j)
305.17461710122285	289.59530530336906	287.32433176914367	36.19625985052308	287.5994118071268	286.2269531617125	28.06337391633652	285.8706427944628	28.795144256277723	(285.8706427944628+28.795144256277723j)
271.2664412894652	286.4498991226281	284.45531120502613	33.74493494756729	284.52892521705877	283.33946551466283	25.989547265002507	282.94695848800035	25.960187133353646	(282.94695848800035+25.960187133353646j)
244.1398799442142	283.76731555770334	282.01449485483516	31.491492035109122	281.9186873837556	280.8872920001769	24.09305893794035	280.4939197759458	23.67826685102365	(280.4939197759458+23.67826685102365j)
221.9454069785186	281.45370793710094	279.9119775259679	29.41894880931227	279.67318401756	278.7786045964789	22.351274633901113	278.43130712289087	21.838993710368896	(278.43130712289087+21.838993710368896j)
203.45000343321894	279.4443138106399	278.0847080451621	27.532157062903526	277.7216640512099	276.94569180799425	20.746239957268592	276.6711999029302	20.332006025787045	(276.6711999029302+20.332006025787045j)
187.80003990750862	277.6892686079092	276.485164574836	25.831834430047262	276.00998657598024	275.3369537173577	19.263296896388265	275.12279300173293	19.028295066945176	(275.12279300173293+19.028295066945176j)
174.38578058345135	276.1487964637599	275.0763688718419	24.313557466266687	274.49596840785966	273.9123471443529	17.890297762759648	273.7338910194519	17.851628866231312	(273.7338910194519+17.851628866231312j)
162.76008553042507	274.78974632358813	273.82836101391297	22.96591798766287	273.14633822166275	272.6404135797789	16.617068542618604	272.5206866494608	16.812366915409253	(272.5206866494608+16.812366915409253j)
152.58759958725065	273.5857227867065	272.71747729298085	21.77901034659542	271.93466637846313	271.49626689588024	15.43501992117278	271.4265762936363	15.87808738694556	(271.4265762936363+15.87808738694556j)
135.63345059975427	271.5516166882172	270.82783665128915	19.81321328727597	270.1061458809946	269.72744940167183	14.298009720015802	269.56963540736837	14.29704250661506	(269.56963540736837+14.29704250661506j)
122.07012623576937	269.89927324246537	269.27979481992054	18.275934956999457	268.57518862925986	268.2479692065639	13.253639643390944	268.041365090805	13.030944765232107	(268.041365090805+13.030944765232107j)
110.97285742623434	268.5288933343708	267.9862946725796	17.062016968788456	267.26474952695145	266.9819745978661	12.291117912073432	266.77176939403245	12.01480011366662	(266.77176939403245+12.01480011366662j)
101.72513106647364	267.3675336432601	266.88373067592886	16.07707519974045	266.1234878751619	265.8790980577118	11.402456527394824	265.6979546811563	11.185807761146917	(265.6979546811563+11.185807761146917j)
93.90013016905552	266.36402239996596	265.92702438045694	15.251561665791412	265.11638519241245	264.9051328192253	10.581507620382586	264.7586289188591	10.472964744292032	(264.7586289188591+10.472964744292032j)
87.19298532433072	265.48200108303445	265.0838254780753	14.534729751929309	264.2189386052711	264.03626459183215	9.823364906589862	263.9190602949216	9.834950225251033	(263.9190602949216+9.834950225251033j)
81.38012554918876	264.6957281605782	264.3309498893477	13.89163190751406	263.41349385129246	263.25543068172783	9.123977176806347	263.1852776290257	9.270833190222367	(263.1852776290257+9.270833190222367j)
76.2938725529933	263.98660779702965	263.65145337919705	13.298128711207287	262.68693404798273	262.55002708541286	8.479893689086927	262.52586319962774	8.768700457933631	(262.52586319962774+8.768700457933631j)
67.81678278877874	262.7504902164733	262.4667931693298	12.206661804329379	261.577204777612	261.4586516902255	7.874485100506512	261.40853741648806	7.924414454380887	(261.40853741648806+7.924414454380887j)
61.03510968390684	261.70426154829363	261.4644411662183	11.201183784531318	260.65023636405675	260.5473207882656	7.32388876862971	260.49837825470286	7.260577021954469	(260.49837825470286+7.260577021954469j)
55.486467197441	260.8068114050586	260.60479658783396	10.26318033981246	259.86859883592007	259.7789879695125	6.823933651512466	259.74903263542853	6.736114005880134	(259.74903263542853+6.736114005880134j)
50.86259787076453	260.03171346780596	259.86204219944136	9.39207287763994	259.2049582578274	259.1266451285679	6.371198463028441	259.12334959235193	6.316155331082244	(259.12334959235193+6.316155331082244j)
46.95009263840157	259.35992709470054	259.2175871352974	8.591525028938735	258.63833778810107	258.5695948604615	5.962749993809389	258.59360861335534	5.966884088635823	(258.59360861335534+5.966884088635823j)
43.596516420355464	258.77663766075585	258.6570948331209	7.864826221604908	258.15216006732254	258.09150077842145	5.5959783207765526	258.1409770272636	5.667248511593383	(258.1409770272636+5.667248511593383j)
40.69008347062001	258.26937151647695	258.1686527896693	7.212141171883594	257.73309673308376	257.6792428053894	5.268489239458896	257.7469894491405	5.402680632897406	(257.7469894491405+5.402680632897406j)
38.14695446636467	257.8283830806396	257.74300548225875	6.634624853702788	257.3703210407615	257.32217424462414	4.978031201582641	257.4059298328258	5.176301539753906	(257.4059298328258+5.176301539753906j)
33.90840576663305	257.1088592601397	257.0459845887462	5.685711639924269	256.84061188309096	256.7972655725659	4.718506854252027	256.8421280521998	4.8057058141738676	(256.8421280521998+4.8057058141738676j)
30.51756648347228	256.55719364949874	256.5089842314993	4.973391381223962	256.4237553136348	256.38438281865905	4.493388013751348	256.3994662855439	4.531479697913677	(256.3994662855439+4.531479697913677j)
27.743243219811465	256.1305638365435	256.0917372782101	4.459577228157237	256.08609428807506	256.0499923603989	4.299895342974504	256.04276060470363	4.32535624930763	(256.04276060470363+4.32535624930763j)
25.431307019771904	255.7954945130603	255.7626102680132	4.101487787798539	255.80498738939775	255.77155620354813	4.135530256830068	255.74907092631844	4.169406157280492	(255.74907092631844+4.169406157280492j)
23.475053207675302	255.52742139946875	255.4982202536405	3.862969619849616	255.56509610309953	255.53382312371193	3.9979477192701927	255.49806499093853	4.051579972716171	(255.49806499093853+4.051579972716171j)
21.798264149730112	255.30819296738946	255.28117751093092	3.7140011990244184	255.35592155640774	255.32636824778794	3.8848875552898354	255.2735395064813	3.962219068173748	(255.2735395064813+3.962219068173748j)
20.34504690932036	255.12443930387084	255.09860838170746	3.630362493018886	255.17020304928843	255.14199380659787	3.7941429347162323	255.07952643027804	3.8841779332749544	(255.07952643027804+3.8841779332749544j)
19.07348178065259	254.96701955542156	254.94166774930724	3.595428510840774	255.0028288875913	254.97564179955396	3.7235506683449717	254.90015801168894	3.824945300123931	(254.90015801168894+3.824945300123931j)
16.954206476379728	254.70387248249477	254.67822571741652	3.6144159981373556	254.71915973006116	254.69273247896206	3.6691083369496202	254.59070143013525	3.736608282244752	(254.59070143013525+3.736608282244752j)
15.258786152117517	254.4822690007866	254.455464868676	3.693458305533022	254.4647911106723	254.43888525148458	3.6309209547932504	254.32063092837873	3.6846148344627134	(254.32063092837873+3.6846148344627134j)
13.871624015179727	254.28544772264485	254.2570735200933	3.798616656603415	254.2318697758608	254.2062826109533	3.606867179475255	254.08537429828675	3.6537569207724023	(254.08537429828675+3.6537569207724023j)
12.715655530984325	254.1038067091847	254.0737345226856	3.9092211237761636	254.0160157898836	253.99057593793918	3.5949426254587125	253.87528924950266	3.63739470911583	(253.87528924950266+3.63739470911583j)
11.737528325957038	253.93258179301765	253.90082177031158	4.016067781806836	253.81451044673443	253.7890740953708	3.593269142416932	253.6722445299833	3.633928058798668	(253.6722445299833+3.633928058798668j)
10.899133559753759	253.76927364683445	253.73590386678538	4.115256510521673	253.6254577021022	253.59990520197988	3.600121685117879	253.4677864460496	3.6406236724202223	(253.4677864460496+3.6406236724202223j)
10.172524748163262	253.6124737689091	253.57760479723055	4.205377091909675	253.4474052816417	253.4216379893737	3.613951131317845	253.28830927662818	3.6473299734271434	(253.28830927662818+3.6473299734271434j)
9.536742027194265	253.461227105268	253.42499002494836	4.285799407702917	253.2791899947916	253.2531273086195	3.6333996232057513	253.11104029120602	3.6592145379547714	(253.11104029120602+3.6592145379547714j)
8.477104136455951	253.17358675875968	253.13500120745314	4.419976922780256	252.96022919545962	252.93382241452449	3.655001148735303	252.79396623413132	3.685677115226287	(252.79396623413132+3.685677115226287j)
7.629393803654312	252.90361989358678	252.86317256982878	4.5229319252903775	252.66870383724995	252.64189843916543	3.6803602881173307	252.50531393476496	3.716688592884792	(252.50531393476496+3.716688592884792j)
6.935812608908517	252.64909178306576	252.6072434805186	4.598273587116852	252.40115560573125	252.37390627797697	3.708743871374233	252.24895527612128	3.7473118817150066	(252.24895527612128+3.7473118817150066j)
6.357828270766876	252.40850496248814	252.36566863697334	4.650018366819799	252.1548374854507	252.1271041028936	3.7397117539608296	252.01794038634026	3.7770868498237995	(252.01794038634026+3.7770868498237995j)
5.86876459350846	252.18057595767087	252.1371207698489	4.681369482665723	251.92752530715853	251.89926891823666	3.7731055971025502	251.79710791283367	3.8098797111885085	(251.79710791283367+3.8098797111885085j)
5.44956715109913	251.9642499470925	251.92050191846175	4.695100057634886	251.7174149089806	251.68859405306347	3.8090145775664572	251.58111703309365	3.848079386915021	(251.58111703309365+3.848079386915021j)
5.086262697457463	251.75872688134237	251.71496393881537	4.693984469000266	251.5230161953759	251.4935836356571	3.8477351928225154	251.39109254266418	3.881811258622128	(251.39109254266418+3.881811258622128j)
4.768371297814176	251.5630475099461	251.51952088951583	4.679474756829568	251.34309485188422	251.31299474709735	3.889730192272741	251.20918413563638	3.9189104822524525	(251.20918413563638+3.9189104822524525j)
4.238552292794533	251.19931603735552	251.1568242238993	4.620175689361466	251.00791270786596	250.9770989197605	3.93294543318494	250.88941483560797	3.9889986827310406	(250.88941483560797+3.9889986827310406j)
3.8146970837260703	250.86951088447591	250.82854351610413	4.533569124435513	250.71564291144324	250.6840323069003	3.9811489360863863	250.60987215717424	4.06064982982046	(250.60987215717424+4.06064982982046j)
3.467906454783942	250.56973152449717	250.53058183106504	4.429212531207779	250.4599633901434	250.42745600996312	4.035162669578221	250.3680766532959	4.128584351858826	(250.3680766532959+4.128584351858826j)
3.1789142617021318	250.29715663744204	250.25993639343818	4.316347662140793	250.23578343820654	250.2022575106938	4.09605291536431	250.15620851106527	4.194226655991861	(250.15620851106527+4.194226655991861j)
2.9343824043867275	250.04923720675626	250.01392855561033	4.201970474768486	250.03895930403115	250.0042664816109	4.165082332274694	249.96392935729108	4.268975245172193	(249.96392935729108+4.268975245172193j)
2.7247836683551374	249.82361955591992	249.7901177215987	4.09120723636375	249.86609126294172	249.8300525524759	4.243631068771365	249.78622213700572	4.359725964138393	(249.78622213700572+4.359725964138393j)
2.5431314295726977	249.61815425088272	249.58629912617147	3.9877587839209667	249.7143912320776	249.6767934228056	4.333129874902901	249.63090060276352	4.439671254498021	(249.63090060276352+4.439671254498021j)
2.3841857199613554	249.43099855269952	249.4005900725712	3.894702870578614	249.58154657300742	249.54213900266907	4.435003015427849	249.4874212571532	4.530090241405477	(249.4874212571532+4.530090241405477j)
2.1192762025389102	249.10415839079695	249.07601379468016	3.7444732259098243	249.32809883611375	249.2866132467917	4.548112265041891	249.24035737013165	4.703173396667988	(249.24035737013165+4.703173396667988j)
1.9073485873377671	248.82985689854078	248.8031617195719	3.6447774270637114	249.1173725877739	249.07347136483628	4.676664121555938	249.0286758082851	4.882581243556219	(249.0286758082851+4.882581243556219j)
1.733953264974394	248.59760964492267	248.5716092398874	3.5953582661625005	248.9392719204359	248.89256782561392	4.821906827066354	248.8464730670769	5.053265358768408	(248.8464730670769+5.053265358768408j)
1.589457162430741	248.39866167508222	248.37269116467988	3.591852667706463	248.78663530987143	248.7366821441107	4.985264761937416	248.68627557301696	5.217870253618765	(248.68627557301696+5.217870253618765j)
1.4671912291014895	248.2258777001125	248.19935907402942	3.628293708099204	248.65440452322736	248.60068769754415	5.168265193360485	248.5360046182013	5.401135819071488	(248.5360046182013+5.401135819071488j)
1.3623918573789628	248.07355225365458	248.0459816441135	3.6984210083226103	248.53903291760773	248.48096093845794	5.372423542521595	248.387171564364	5.615396137560953	(248.387171564364+5.615396137560953j)
1.271565734997341	247.93707528999548	247.90801430935034	3.796016932500671	248.43802786492566	248.3749246512469	5.599151176829716	248.25825633689516	5.805301205797657	(248.25825633689516+5.805301205797657j)
1.1920928777442452	247.8133078979579	247.78234420238388	3.9173298175481768	248.34962757317606	248.2807256297505	5.849683452957769	248.12916629895628	6.012279724273028	(248.12916629895628+6.012279724273028j)
1.0596381153048666	247.59207174068862	247.5562941287634	4.208945958251698	248.12204028052102	248.04652067313748	6.121311535878754	247.8964469178017	6.401769034479635	(247.8964469178017+6.401769034479635j)
0.9536743050375669	247.3928611982765	247.35119399255927	4.5403306404954105	247.91243665730445	247.82933819747996	6.418362560739084	247.67284848196854	6.787073764179828	(247.67284848196854+6.787073764179828j)
0.8669766418828033	247.20733345256753	247.15883914453784	4.8963195824404355	247.71686046606627	247.6251129190441	6.741395329989496	247.4648367130127	7.142415160920569	(247.4648367130127+7.142415160920569j)
0.7947285891102897	247.02966893452933	246.97358067572452	5.263818206830204	247.53326385413786	247.43167820640346	7.090933242178715	247.26722373909132	7.474332694222719	(247.26722373909132+7.474332694222719j)
0.7335956212777764	246.8566775419247	246.79234292039538	5.635487813824325	247.36056731862018	247.24782875954716	7.467358159299995	247.0577814168648	7.8235712635953325	(247.0577814168648+7.8235712635953325j)
0.6811959344898303	246.68650623800156	246.6133611011361	6.006869926361501	247.19813922179387	247.07280482868646	7.870778157411464	246.8242496685801	8.207265022253175	(246.8242496685801+8.207265022253175j)
0.6357828725514189	246.51798275330745	246.4355417293398	6.374919083941274	247.0455275439182	246.9060288945673	8.30093819805587	246.62043175735474	8.54886164123836	(246.62043175735474+8.54886164123836j)
0.5960464433130146	246.35085555815309	246.2586544341566	6.739373154281913	246.90231350484777	246.7469644701384	8.757164998924324	246.40130601376404	8.902821484828532	(246.40130601376404+8.902821484828532j)
0.5298190611612863	246.01880351244853	245.9059252483688	7.451685006790307	246.50280859104197	246.33000485588838	9.228399155318112	245.99213942741304	9.552579264146813	(245.99213942741304+9.552579264146813j)
0.4768371553609544	245.6882334392224	245.5534299052894	8.137635543200943	246.1184812207088	245.92638537395365	9.722128125571171	245.57943208799324	10.158822465859727	(245.57943208799324+10.158822465859727j)
0.43348832329030323	245.35959678392686	245.20174996861786	8.799633304779915	245.7484270652281	245.53514802379945	10.236234169098493	245.1870609010117	10.69662965825701	(245.1870609010117+10.69662965825701j)
0.3973642965288746	245.03263961556485	244.85083720173878	9.437266478111457	245.39171538500537	245.1553372083876	10.768222594154123	244.8089408378915	11.179495095362338	(244.8089408378915+11.179495095362338j)
0.3667978123206462	244.70746804742228	244.50095062634182	10.051371100270572	245.04736939646943	244.78598193882775	11.315312385155057	244.4038577715318	11.655228336532673	(244.4038577715318+11.655228336532673j)
0.3405979686950023	244.38411437892864	244.1522719558159	10.64253069465068	244.71436517517515	244.42609588744935	11.874517771614627	243.9523066333609	12.142292218153973	(243.9523066333609+12.142292218153973j)
0.3178914375388965	244.06256792562735	243.80493830226268	11.211115996249507	244.3916717652539	244.0747178180655	12.442722782707289	243.55646812226286	12.576976226711796	(243.55646812226286+12.576976226711796j)
0.2980232227667303	243.743141651615	243.4593423119759	11.758730510535221	244.07824847748302	243.73090840952855	13.016745587970522	243.1350335796334	13.002842318249195	(243.1350335796334+13.002842318249195j)
0.2649095314578564	243.11018652746623	242.7734594762778	12.791019010990556	243.3162005003151	242.93761538033155	13.567920224840448	242.19997066566526	13.805567165570633	(242.19997066566526+13.805567165570633j)
0.23841857839101993	242.4849968175364	242.09530291139862	13.741833569025271	242.58423099094557	242.17307912213622	14.1176794825491	241.05982969378348	14.555501661635581	(241.05982969378348+14.555501661635581j)
0.21674416223237697	241.86848479750768	241.42634373702492	14.617950882873346	241.88035076610188	241.4354949060916	14.663079014418962	240.0633779100585	15.180203112754583	(240.0633779100585+15.180203112754583j)
0.19868214875786974	241.26077638330756	240.76729084850462	15.423160459125251	241.2026724367819	240.723179984429	15.201309444574477	239.2059362289704	15.706040646992056	(239.2059362289704+15.706040646992056j)
0.18339890658076255	240.6620892952291	240.11881573533918	16.161545526435553	240.5494162387019	240.0345754839926	15.729724250593918	238.4659634929461	16.154183364255683	(238.4659634929461+16.154183364255683j)
0.17029898471002294	240.07257564524951	239.48144242870768	16.836873498652466	239.91891355549333	239.3682456877236	16.24586218179489	237.82260684899563	16.54054648315157	(237.82260684899563+16.54054648315157j)
0.158945719085245	239.4924339516288	238.8556401253985	17.453054184337102	239.30959841738922	238.72286514897053	16.747463979914258	237.2585729991438	16.87708266454989	(237.2585729991438+16.87708266454989j)
0.14901161166092092	238.92143013510378	238.2414930666215	18.01223914981712	238.72001803870398	238.09722476692139	17.232485911477433	236.76010419024018	17.172869311230457	(236.76010419024018+17.172869311230457j)
0.1324547659482315	237.8077325377829	237.04950631832295	18.974962687737822	237.46658599868525	236.8098673804751	17.64840437866162	235.918642877127	17.66865487245874	(235.918642877127+17.66865487245874j)
0.11920928937314564	236.73254192193903	235.9070665628581	19.752274565980066	236.29556360161092	235.60542580718297	18.046515121179247	235.23527669539203	18.067859248405785	(235.23527669539203+18.067859248405785j)
0.10837208126299483	235.69513284711888	234.81383178751213	20.363203311045634	235.2004127364734	234.47757157888626	18.425595726481006	234.6689885698186	18.39620698878145	(234.6689885698186+18.39620698878145j)
0.09934107450229297	234.69521153184698	233.76926227266304	20.82724975778806	234.1751696336647	233.4205384080537	18.784629947112812	234.1919189006191	18.671024907393186	(234.1919189006191+18.671024907393186j)
0.09169945339549114	233.73213003932798	232.77222407417707	21.16129278381707	233.21439787451408	232.42907253173948	19.122803612638673	233.78446398067626	18.90441283253927	(233.78446398067626+18.90441283253927j)
0.08514949244564192	232.80512532947455	231.82126372357268	21.380553437133294	232.31313784575482	231.49837996002367	19.439498234912985	233.4324148901308	19.105076579997924	(233.4324148901308+19.105076579997924j)
0.07947285962157169	231.9132883215223	230.9146769758914	21.498494301258464	231.46686642087266	230.62408438839017	19.734283638247234	233.1252117714573	19.279439946875588	(233.1252117714573+19.279439946875588j)
