Lag Time [s]	Correlation Function
1.25e-08	0.9602071079
2.5e-08	0.9355075615
3.75e-08	0.9418953752
5e-08	0.9485265342
6.25e-08	0.9173783377
7.5e-08	0.9307014921
8.75e-08	0.9369676332
1e-07	0.9424429021
1.125e-07	0.9392794134
1.25e-07	0.9438421375
1.375e-07	0.9434162833
1.5e-07	0.9406178125
1.625e-07	0.9532717673
1.75e-07	0.9323440728
1.875e-07	0.9541843121
2e-07	0.941469521
2.125e-07	0.940921994
2.375e-07	0.9402223763
2.625e-07	0.9358725793
2.875e-07	0.9360246701
3.125e-07	0.9432946105
3.375e-07	0.9271729854
3.625e-07	0.9305798194
3.875e-07	0.9285418026
4.125e-07	0.9420322567
4.625e-07	0.9350360798
5.125e-07	0.9252718502
5.625e-07	0.9371805601
6.125e-07	0.9315836185
6.625e-07	0.9303364739
7.125e-07	0.9332261992
7.625e-07	0.922579843
8.125e-07	0.9284733613
9.125e-07	0.9369220054
1.0125e-06	0.9356444426
1.1125e-06	0.9328231582
1.2125e-06	0.9315912227
1.3125e-06	0.9343744844
1.4125e-06	0.9171806191
1.5125e-06	0.930511378
1.6125e-06	0.9277014998
1.8125e-06	0.9247243223
2.0125e-06	0.9277205112
2.2125e-06	0.9243973271
2.4125e-06	0.9209904931
2.6125e-06	0.9179486771
2.8125e-06	0.9202376436
3.0125e-06	0.9253098719
3.2125e-06	0.9217642538
3.6125e-06	0.9213840268
4.0125e-06	0.9188555172
4.4125e-06	0.9204220525
4.8125e-06	0.9176406919
5.2125e-06	0.9163783382
5.6125e-06	0.9129467895
6.0125e-06	0.9149581904
6.4125e-06	0.9142253003
7.2125e-06	0.9118954593
8.0125e-06	0.9104591518
8.8125e-06	0.9096274052
9.6125e-06	0.9091236044
1.04125e-05	0.9077956616
1.12125e-05	0.9060456668
1.20125e-05	0.9054762768
1.28125e-05	0.9021530877
1.44125e-05	0.9009477681
1.60125e-05	0.9007229589
1.76125e-05	0.894962995
1.92125e-05	0.8952785834
2.08125e-05	0.8936459837
2.24125e-05	0.8908983683
2.40125e-05	0.8886683369
2.56125e-05	0.8858070711
2.88125e-05	0.8847949543
3.20125e-05	0.8818662555
3.52125e-05	0.8784288136
3.84125e-05	0.877023637
4.16125e-05	0.8738582469
4.48125e-05	0.8710077323
4.80125e-05	0.8688972345
5.12125e-05	0.8659933705
5.76125e-05	0.8620991581
6.40125e-05	0.8584123813
7.04125e-05	0.8548197107
7.68125e-05	0.851356889
8.32125e-05	0.8487142402
8.96125e-05	0.8450828822
9.60125e-05	0.8420914233
0.0001024125	0.8397214173
0.0001152125	0.8355478657
0.0001280125	0.8305607096
0.0001408125	0.8268543735
0.0001536125	0.8225966484
0.0001664125	0.8197672226
0.0001792125	0.817081678
0.0001920125	0.8138086115
0.0002048125	0.8114877966
0.0002304125	0.8070544221
0.0002560125	0.802397664
0.0002816125	0.7990002423
0.0003072125	0.7958515727
0.0003328125	0.7933285442
0.0003584125	0.7901808733
0.0003840125	0.7878139533
0.0004096125	0.7863450679
0.0004608125	0.7825727708
0.0005120125	0.7791679539
0.0005632125	0.7763281392
0.0006144125	0.7739397185
0.0006656125	0.7716554114
0.0007168125	0.7694787858
0.0007680125	0.7675742012
0.0008192125	0.765790268
0.0009216125	0.7624429841
0.0010240125	0.7598369415
0.0011264125	0.7572747733
0.0012288125	0.7551888892
0.0013312125	0.7535938824
0.0014336125	0.7520964283
0.0015360125	0.7507384186
0.0016384125	0.7493150111
0.0018432125	0.7466852551
0.0020480125	0.7449112294
0.0022528125	0.7430544402
0.0024576125	0.7416398775
0.0026624125	0.7402891547
0.0028672125	0.7392938595
0.0030720125	0.7385616504
0.0032768125	0.7380437132
0.0036864125	0.7361599926
0.0040960125	0.7348698507
0.0045056125	0.733860185
0.0049152125	0.7323432963
0.0053248125	0.731122749
0.0057344125	0.7298925276
0.0061440125	0.728783135
0.0065536125	0.7283005986
0.0073728125	0.7270561546
0.0081920125	0.7260457269
0.0090112125	0.7246663141
0.0098304125	0.7238901499
0.0106496125	0.7231877331
0.0114688125	0.7222250333
0.0122880125	0.7219413236
0.0131072125	0.7212521673
0.0147456125	0.7198723346
0.0163840125	0.7180645942
0.0180224125	0.7167224585
0.0196608125	0.715655243
0.0212992125	0.7140915796
0.0229376125	0.7122873026
0.0245760125	0.7109994911
0.0262144125	0.7102428355
0.0294912125	0.7073419555
0.0327680125	0.7047055715
0.0360448125	0.7019605237
0.0393216125	0.6988640617
0.0425984125	0.6959000635
0.0458752125	0.6931764814
0.0491520125	0.6903457002
0.0524288125	0.6869900079
0.0589824125	0.6805133265
0.0655360125	0.67390126
0.0720896125	0.6673767638
0.0786432125	0.6602957887
0.0851968125	0.6526504382
0.0917504125	0.6449647966
0.0983040125	0.6373560559
0.1048576125	0.6296616788
0.1179648125	0.6127861521
0.1310720125	0.5954210218
0.1441792125	0.5779772256
0.1572864125	0.559088107
0.1703936125	0.5402707195
0.1835008125	0.5217392248
0.1966080125	0.5030121322
0.2097152125	0.4850678878
0.2359296125	0.4496580016
0.2621440125	0.4152534111
0.2883584125	0.3823481048
0.3145728125	0.3516563794
0.3407872125	0.323346822
0.3670016125	0.2973798365
0.3932160125	0.2743331892
0.4194304125	0.254259532
0.4718592125	0.220367466
0.5242880125	0.195855493
0.5767168125	0.1793648169
0.6291456125	0.167915284
0.6815744125	0.1592305556
0.7340032125	0.1503389647
0.7864320125	0.1407412705
0.8388608125	0.1308896065
0.9437184125	0.1076184507
1.048576012	0.07874944485
1.153433612	0.05652665636
1.258291212	0.03896058605
1.363148812	0.02410423046
1.468006412	0.0125177544
1.572864012	0.008832480549
1.677721612	0.0092142763
1.887436813	0.008338853881
2.097152013	0.005433705121
2.306867213	0.01846677888
2.516582413	0.06938722549
2.726297612	0.1123989071
2.936012813	0.1059904034
3.145728013	0.07445980119
3.355443212	0.0419978893
3.774873612	0.03059880472
4.194304012	0.02252381855
4.613734412	-0.003503165313
5.033164812	0.006939091932
5.452595213	0.02874561407
5.872025612	0.04325374021
6.291456012	0.01064771052
6.710886412	0.02167423789
7.549747212	-0.000689931932
8.388608013	0.01498659143
9.227468812	0.04809377868
10.06632961	0.03843703242
10.90519041	0.007046124246
11.74405121	0.01885179221
12.58291201	0.02741118564
13.42177281	-0.01539724537
15.09949441	0.003389296884
16.77721601	-0.04233743097
18.45493761	-0.02829871225
20.13265921	-0.07469035381
21.81038081	-0.05329602097
23.48810241	-0.03567226636
25.16582401	-0.0295516239
26.84354561	-0.007061785225
30.19898881	0.01322273976
33.55443201	0.04145128585
36.90987521	0.005998869011
40.26531841	0.008379316433
43.62076161	0.03815823298
46.97620481	0.006730439674
50.33164801	-0.02919554677
53.68709121	-0.0514332639
60.39797761	-0.04265816421
67.10886401	-0.001132489968
73.81975041	0.02524198871
80.53063681	0.0100453103
87.24152321	-0.007690108799
93.95240961	-0.03826088478
100.663296	-0.02396687816
107.3741824	-0.0108920117
120.7959552	-0.0005976143243
134.217728	-0.00908344598
147.6395008	0.05077728409
161.0612736	0.04294200052
174.4830464	-0.002648393937
187.9048192	0.08267098251
201.326592	-0.03953917852
214.7483648	-0.05870044364
241.5919104	-0.04950440908
268.435456	0.1406603909
