Lag Time [s]	Correlation Function
1.28e-05	0.6505628346
2.56e-05	0.5158730982
3.84e-05	0.3702671267
5.12e-05	0.2561678694
6.4e-05	0.1823001612
7.68e-05	0.1442964192
0.0399232	0.106727909
0.039936	0.1342309641
0.0399488	0.1901372597
0.0399616	0.2787302742
0.0399744	0.3841228716
0.0399872	0.4766900417
0.04	0.5166503182
0.0400128	0.4812895124
0.0400256	0.3918107596
0.0400384	0.2857320402
0.0400512	0.1951172155
0.040064	0.1371020587
0.0400768	0.1054181306
0.0799232	0.106671011
0.079936	0.1334933422
0.0799488	0.1889915472
0.0799616	0.2746545868
0.0799744	0.3780202383
0.0799872	0.4707133874
0.08	0.5115488704
0.0800128	0.480933065
0.0800256	0.3950082491
0.0800384	0.2882170326
0.0800512	0.1975905078
0.080064	0.1386385805
0.0800768	0.1086099727
0.1199232	0.1052883191
0.119936	0.1330294818
0.1199488	0.1854988794
0.1199616	0.2699927193
0.1199744	0.374784501
0.1199872	0.4694190036
0.12	0.5111911773
0.1200128	0.4836731742
0.1200256	0.3969910164
0.1200384	0.2916795718
0.1200512	0.2016009261
0.120064	0.1410234881
0.1200768	0.1092859948
0.1599232	0.1049295464
0.159936	0.1308171626
0.1599488	0.1829258807
0.1599616	0.2665842476
0.1599744	0.3711955782
0.1599872	0.4659756183
0.16	0.5147388713
0.1600128	0.4876417841
0.1600256	0.4025675472
0.1600384	0.2946076149
0.1600512	0.2030307902
0.160064	0.1400697817
0.1600768	0.1087541841
0.1999232	0.1032842337
0.199936	0.126511687
0.1999488	0.1781340214
0.1999616	0.2610582555
0.1999744	0.3665349465
0.1999872	0.4628935062
0.2	0.5131369249
0.2000128	0.4905980931
0.2000256	0.4058361574
0.2000384	0.2998802183
0.2000512	0.2047629695
0.200064	0.1415136442
0.2000768	0.1084408044
0.2399232	0.1046760327
0.239936	0.127946514
0.2399488	0.177263611
0.2399616	0.2581923933
0.2399744	0.3616851987
0.2399872	0.459120628
0.24	0.5100370756
0.2400128	0.4906323174
0.2400256	0.4083310276
0.2400384	0.3022585083
0.2400512	0.2083257952
0.240064	0.1457623744
0.2400768	0.1112517578
0.2799232	0.10360749
0.279936	0.125160532
0.2799488	0.1746419629
0.2799616	0.2561741521
0.2799744	0.3567469645
0.2799872	0.4538861614
0.28	0.5082063019
0.2800128	0.4893873559
0.2800256	0.4121030782
0.2800384	0.3045874117
0.2800512	0.2120972958
0.280064	0.1475716709
0.2800768	0.1124509584
0.3199232	0.1038315453
0.319936	0.1257687546
0.3199488	0.1718184618
0.3199616	0.2516735245
0.3199744	0.3531452706
0.3199872	0.4521177247
0.32	0.5067114807
0.3200128	0.4929470742
0.3200256	0.4145566739
0.3200384	0.3101180597
0.3200512	0.2138133396
0.320064	0.1485231284
0.3200768	0.112909691
0.3999232	0.1001017063
0.399936	0.1218322142
0.3999488	0.1663412905
0.3999616	0.2440651326
0.3999744	0.3455219454
0.3999872	0.4460672652
0.4	0.5060183164
0.4000128	0.4970603233
0.4000256	0.4231449273
0.4000384	0.3190126618
0.4000512	0.221905503
0.400064	0.1521311034
0.4000768	0.1138347085
0.4799232	0.1005491796
0.479936	0.1190784126
0.4799488	0.1635273501
0.4799616	0.2364754299
0.4799744	0.3368968108
0.4799872	0.4392384254
0.48	0.5039333483
0.4800128	0.5006851669
0.4800256	0.427626702
0.4800384	0.3258037647
0.4800512	0.2265081053
0.480064	0.1574344753
0.4800768	0.1168094792
0.5599232	0.09881454228
0.559936	0.1170056506
0.5599488	0.1589870136
0.5599616	0.2312643654
0.5599744	0.3280764253
0.5599872	0.4316341168
0.56	0.4999534219
0.5600128	0.5008432307
0.5600256	0.4343521734
0.5600384	0.3336186941
0.5600512	0.2332087084
0.560064	0.1608153109
0.5600768	0.1165390484
0.6399232	0.09864986266
0.639936	0.1156456614
0.6399488	0.1541637056
0.6399616	0.2244121182
0.6399744	0.3208496465
0.6399872	0.4254814215
0.64	0.496232937
0.6400128	0.5026110626
0.6400256	0.4414964585
0.6400384	0.3412160232
0.6400512	0.2397138828
0.640064	0.1658416525
0.6400768	0.1197347364
0.7199232	0.09707355576
0.719936	0.1126979395
0.7199488	0.1502374815
0.7199616	0.2161305688
0.7199744	0.3136822131
0.7199872	0.4172595095
0.72	0.4924319467
0.7200128	0.5062934097
0.7200256	0.4458771462
0.7200384	0.3471706084
0.7200512	0.2461019481
0.720064	0.1682926392
0.7200768	0.1218079032
0.7999232	0.09770717623
0.799936	0.1111068106
0.7999488	0.1468069503
0.7999616	0.2108512358
0.7999744	0.3059087067
0.7999872	0.4110695968
0.8	0.4888673035
0.8000128	0.5057444991
0.8000256	0.45299296
0.8000384	0.356030017
0.8000512	0.2553238176
0.800064	0.1749048499
0.8000768	0.1261075429
0.8799232	0.09685491014
0.879936	0.1102102492
0.8799488	0.1425621157
0.8799616	0.2067343684
0.8799744	0.2987667121
0.8799872	0.4028991389
0.88	0.4853794017
0.8800128	0.5074346205
0.8800256	0.4593197226
0.8800384	0.3643942179
0.8800512	0.2613644394
0.880064	0.1778195784
0.8800768	0.1287450325
0.9999232	0.09744803546
0.999936	0.1079049929
0.9999488	0.1390561825
0.9999616	0.1979934865
0.9999744	0.2881715174
0.9999872	0.3904895464
1.0	0.4785421472
1.0000128	0.5081214312
1.0000256	0.4664390355
1.0000384	0.3748798362
1.0000512	0.2705893146
1.000064	0.1862267158
1.0000768	0.132077013
1.119936	0.1061925151
1.1199488	0.1328522038
1.1199616	0.1890789975
1.1199744	0.2756064086
1.1199872	0.3795475814
1.12	0.4697364373
1.1200128	0.5091970479
1.1200256	0.4756339283
1.1200384	0.387862566
1.1200512	0.2828691458
1.120064	0.194638788
1.1200768	0.1371955717
1.1200896	0.1068813568
1.239936	0.1047427315
1.2399488	0.12844402
1.2399616	0.1811946524
1.2399744	0.2629711565
1.2399872	0.3662750148
1.24	0.4601531316
1.2400128	0.5078822223
1.2400256	0.4826461712
1.2400384	0.3991874737
1.2400512	0.2940276268
1.240064	0.2021277587
1.2400768	0.1417978883
1.2400896	0.1087394517
1.359936	0.1019885107
1.3599488	0.1253944091
1.3599616	0.1730746732
1.3599744	0.2519698254
1.3599872	0.3543845123
1.36	0.4519350183
1.3600128	0.5051287224
1.3600256	0.4875181922
1.3600384	0.4086615827
1.3600512	0.3038834476
1.360064	0.2107304076
1.3600768	0.145932719
1.3600896	0.109943127
1.479936	0.09883981836
1.4799488	0.1200007461
1.4799616	0.1647550961
1.4799744	0.2414123914
1.4799872	0.3435388174
1.48	0.4408476647
1.4800128	0.5033895287
1.4800256	0.4918537283
1.4800384	0.4193460324
1.4800512	0.3157809262
1.480064	0.2195511068
1.4800768	0.1516037348
1.4800896	0.1135983424
1.599936	0.09948420287
1.5999488	0.1180571523
1.5999616	0.1603042243
1.5999744	0.2329933075
1.5999872	0.331316359
1.6	0.4323870111
1.6000128	0.4964618325
1.6000256	0.4960493457
1.6000384	0.4295685123
1.6000512	0.3272434207
1.600064	0.2286242211
1.6000768	0.1565076446
1.6000896	0.1172105752
1.719936	0.09862193984
1.7199488	0.1157963896
1.7199616	0.1545441373
1.7199744	0.2233995839
1.7199872	0.3200481957
1.72	0.421700037
1.7200128	0.492893177
1.7200256	0.5002203326
1.7200384	0.438712013
1.7200512	0.3391059573
1.720064	0.2386735088
1.7200768	0.1644778539
1.7200896	0.1203555171
1.879936	0.09708393022
1.8799488	0.1105775522
1.8799616	0.1458507173
1.8799744	0.2093049584
1.8799872	0.3029345673
1.88	0.4083779308
1.8800128	0.4849297403
1.8800256	0.501928899
1.8800384	0.4507017349
1.8800512	0.3528137065
1.880064	0.2528991515
1.8800768	0.1729269912
1.8800896	0.1259312856
2.039936	0.09612955498
2.0399488	0.1076556527
2.0399616	0.1382828876
2.0399744	0.1982253824
2.0399872	0.2884944547
2.04	0.3910727003
2.0400128	0.4766402944
2.0400256	0.5042693061
2.0400384	0.4629528475
2.0400512	0.3692484536
2.040064	0.2670614985
2.0400768	0.1839945894
2.0400896	0.1299235731
2.1999488	0.1056427392
2.1999616	0.1334734878
2.1999744	0.1886260797
2.1999872	0.2745716601
2.2	0.3773841927
2.2000128	0.4673430283
2.2000256	0.5043654619
2.2000384	0.4722829462
2.2000512	0.3858203455
2.200064	0.2829062234
2.2000768	0.1959790239
2.2000896	0.137601375
2.2001024	0.108231926
2.3599488	0.1028274779
2.3599616	0.1280936004
2.3599744	0.1778770525
2.3599872	0.259311857
2.36	0.3605800791
2.3600128	0.4562291819
2.3600256	0.502228261
2.3600384	0.4784099533
2.3600512	0.3996504099
2.360064	0.2980969493
2.3600768	0.2055728241
2.3600896	0.1426528025
2.3601024	0.1109960855
2.5199488	0.09978936251
2.5199616	0.1219174289
2.5199744	0.1692979379
2.5199872	0.2457548407
2.52	0.3462816799
2.5200128	0.4428431835
2.5200256	0.4987532405
2.5200384	0.489787961
2.5200512	0.4151308705
2.520064	0.3126535613
2.5200768	0.2171339682
2.5200896	0.1496085406
2.5201024	0.1118983157
2.6799488	0.09764342358
2.6799616	0.1173997095
2.6799744	0.1599767394
2.6799872	0.2316447564
2.68	0.3297035801
2.6800128	0.4289367345
2.6800256	0.4952107245
2.6800384	0.4941212129
2.6800512	0.4272785124
2.680064	0.326718542
2.6800768	0.2293393308
2.6800896	0.1572270716
2.6801024	0.1161836259
2.8399488	0.09757105196
2.8399616	0.1125465138
2.8399744	0.1514513079
2.8399872	0.2198259489
2.84	0.3142042537
2.8400128	0.4167431798
2.8400256	0.4888186506
2.8400384	0.5004057471
2.8400512	0.4413512469
2.840064	0.3427914238
2.8400768	0.2429517821
2.8400896	0.165839758
2.8401024	0.1201481785
3.0399488	0.09649624989
3.0399616	0.1085705764
3.0399744	0.1419162072
3.0399872	0.2038396801
3.04	0.2954566435
3.0400128	0.3982309384
3.0400256	0.4787896096
3.0400384	0.5007782409
3.0400512	0.4549218927
3.040064	0.3617586094
3.0400768	0.2589715172
3.0400896	0.1772466021
3.0401024	0.1271224609
3.2399616	0.1053808068
3.2399744	0.1346418308
3.2399872	0.1897393883
3.24	0.2773231613
3.2400128	0.3781440159
3.2400256	0.4688306934
3.2400384	0.5026972681
3.2400512	0.467650515
3.240064	0.3804699586
3.2400768	0.2769847888
3.2400896	0.1901908795
3.2401024	0.1346177331
3.2401152	0.1052145734
3.4399616	0.1011002166
3.4399744	0.126624234
3.4399872	0.1777459121
3.44	0.2598199941
3.4400128	0.3612856524
3.4400256	0.4539288743
3.4400384	0.5009484663
3.4400512	0.4796141194
3.440064	0.3987830399
3.4400768	0.2959934739
3.4400896	0.2038364469
3.4401024	0.1420949709
3.4401152	0.1089151824
3.6399616	0.09991512091
3.6399744	0.1199316652
3.6399872	0.1672140492
3.64	0.2421208936
3.6400128	0.3428293506
3.6400256	0.4401581357
3.6400384	0.4976864645
3.6400512	0.4888938316
3.640064	0.4165168422
3.6400768	0.313691474
3.6400896	0.2195057337
3.6401024	0.1501256006
3.6401152	0.112473569
3.8399616	0.09780930171
3.8399744	0.1147711316
3.8399872	0.1547895339
3.84	0.2251394513
3.8400128	0.322521433
3.8400256	0.4224727449
3.8400384	0.4917727705
3.8400512	0.4959300219
3.840064	0.4323677609
3.8400768	0.3337039847
3.8400896	0.2350229946
3.8401024	0.1605344182
3.8401152	0.1181292779
4.0399616	0.09585267345
4.0399744	0.1101285764
4.0399872	0.147543178
4.04	0.2105715498
4.0400128	0.3032127869
4.0400256	0.4051536045
4.0400384	0.4815779974
4.0400512	0.4996388939
4.040064	0.4485951214
4.0400768	0.352882352
4.0400896	0.2521234712
4.0401024	0.1742357099
4.0401152	0.1244002923
4.2399744	0.1058756286
4.2399872	0.137002989
4.24	0.1963402648
4.2400128	0.2852128345
4.2400256	0.3853243842
4.2400384	0.472585856
4.2400512	0.5025202068
4.240064	0.46186803
4.2400768	0.3723104004
4.2400896	0.271080806
4.2401024	0.1866831513
4.2401152	0.1324982083
4.240128	0.1053914442
4.4799744	0.102041602
4.4799872	0.1284558495
4.48	0.1799023042
4.4800128	0.2629212345
4.4800256	0.3625566058
4.4800384	0.4562459658
4.4800512	0.5011104043
4.480064	0.4756392619
4.4800768	0.3949118267
4.4800896	0.2902271231
4.4801024	0.2015118195
4.4801152	0.1392956587
4.480128	0.108149387
4.7199744	0.09954644926
4.7199872	0.1199428144
4.72	0.1660275567
4.7200128	0.2413433402
4.7200256	0.3395675231
4.7200384	0.4366255741
4.7200512	0.4971272574
4.720064	0.4878334063
4.7200768	0.4167430639
4.7200896	0.3158340933
4.7201024	0.2200326644
4.7201152	0.1516661446
4.720128	0.1146253502
4.9599744	0.09787798939
4.9599872	0.113791703
4.96	0.1534765264
4.9600128	0.2226732904
4.9600256	0.3177583705
4.9600384	0.4183115939
4.9600512	0.4881119506
4.960064	0.4975406494
4.9600768	0.4374286148
4.9600896	0.3380870257
4.9601024	0.2386605525
4.9601152	0.1653645083
4.960128	0.11974901
5.1999872	0.1078528716
5.2	0.1408214559
5.2000128	0.2034225055
5.2000256	0.2942778754
5.2000384	0.3950705707
5.2000512	0.4752232475
5.200064	0.4994327503
5.2000768	0.4537928363
5.2000896	0.3593268018
5.2001024	0.2589099375
5.2001152	0.1776483515
5.200128	0.1274608828
5.2001408	0.1020569645
5.4399872	0.1053372127
5.44	0.13311411
5.4400128	0.1878340233
5.4400256	0.2718658886
5.4400384	0.3742053645
5.4400512	0.4632807486
5.440064	0.4999700519
5.4400768	0.4685092013
5.4400896	0.3823746933
5.4401024	0.2810918056
5.4401152	0.1932552771
5.440128	0.1359659095
5.4401408	0.1068953411
5.6799872	0.09887036585
5.68	0.1223668854
5.6800128	0.1718336887
5.6800256	0.2494785723
5.6800384	0.3506239465
5.6800512	0.4442916644
5.680064	0.4971315093
5.6800768	0.4810555037
5.6800896	0.4045822085
5.6801024	0.301693456
5.6801152	0.2101056167
5.680128	0.1466307662
5.6801408	0.1090273843
5.9199872	0.09712430889
5.92	0.1179164614
5.9200128	0.1583358238
5.9200256	0.2298976192
5.9200384	0.3274002222
5.9200512	0.425249275
5.920064	0.4908950544
5.9200768	0.4894741364
5.9200896	0.426206652
5.9201024	0.3264335342
5.9201152	0.2288516987
5.920128	0.156800262
5.9201408	0.1160195563
6.2	0.1104068332
6.2000128	0.1453961051
6.2000256	0.2090368873
6.2000384	0.2997382309
6.2000512	0.4015205382
6.200064	0.4777967778
6.2000768	0.4969330442
6.2000896	0.4476617944
6.2001024	0.3533623145
6.2001152	0.2520780456
6.200128	0.1727022685
6.2001408	0.1239625076
6.2001536	0.1012366017
6.48	0.1053735564
6.4800128	0.1338087679
6.4800256	0.1906178454
6.4800384	0.275895112
6.4800512	0.376096292
6.480064	0.4634546648
6.4800768	0.4979854262
6.4800896	0.463558142
6.4801024	0.3789697828
6.4801152	0.276694097
6.480128	0.1912738791
6.4801408	0.1354043791
6.4801536	0.1075086026
6.76	0.101029568
6.7600128	0.1226833189
6.7600256	0.1726817531
6.7600384	0.2503655719
6.7600512	0.3503050875
6.760064	0.4454348511
6.7600768	0.4946693527
6.7600896	0.4789387074
6.7601024	0.4044295388
6.7601152	0.3019885323
6.760128	0.2109586491
6.7601408	0.1460125239
6.7601536	0.1112900117
7.04	0.09847649577
7.0400128	0.1164306818
7.0400256	0.1564957984
7.0400384	0.2277421601
7.0400512	0.323593973
7.040064	0.4226884128
7.0400768	0.4884233939
7.0400896	0.4911020503
7.0401024	0.4271708795
7.0401152	0.3284992387
7.040128	0.2313301679
7.0401408	0.1585976873
7.0401536	0.1163515487
7.3200128	0.1092546274
7.3200256	0.1440533273
7.3200384	0.2077649892
7.3200512	0.296434156
7.320064	0.3981667803
7.3200768	0.4759240206
7.3200896	0.4963630631
7.3201024	0.4477788832
7.3201152	0.356265634
7.320128	0.2545909378
7.3201408	0.1749741919
7.3201536	0.1254361787
7.3201664	0.1016895372
7.6000128	0.1055844297
7.6000256	0.1312933116
7.6000384	0.1865015939
7.6000512	0.2707778811
7.600064	0.3711973586
7.6000768	0.4589564512
7.6000896	0.4961373255
7.6001024	0.465591105
7.6001152	0.379889086
7.600128	0.2785181992
7.6001408	0.1936356422
7.6001536	0.1343581935
7.6001664	0.1060843666
7.8800128	0.09962761564
7.8800256	0.1216449211
7.8800384	0.1694761962
7.8800512	0.2455479333
7.880064	0.3459598798
7.8800768	0.4412491162
7.8800896	0.4932933939
7.8801024	0.4804734369
7.8801152	0.4059482228
7.880128	0.30506536
7.8801408	0.212949463
7.8801536	0.1475323978
7.8801664	0.1108087492
8.2000128	0.09817462427
8.2000256	0.114753189
8.2000384	0.1527589434
8.2000512	0.2211464125
8.200064	0.3152112255
8.2000768	0.4162828702
8.2000896	0.4849287897
8.2001024	0.4914221933
8.2001152	0.43127866
8.200128	0.3345985589
8.2001408	0.2365300412
8.2001536	0.1642720108
8.2001664	0.1190004964
8.5200256	0.1062833029
8.5200384	0.1371273161
8.5200512	0.195294959
8.520064	0.2827992776
8.5200768	0.385356729
8.5200896	0.4678265519
8.5201024	0.4956799726
8.5201152	0.4540382411
8.520128	0.3649410832
8.5201408	0.2636317025
8.5201536	0.182085791
8.5201664	0.1281619994
8.5201792	0.1026463956
8.8400256	0.1004552789
8.8400384	0.124730251
8.8400512	0.1761079057
8.840064	0.2556588641
8.8400768	0.3574102423
8.8400896	0.4475956301
8.8401024	0.4943407925
8.8401152	0.4734681225
8.840128	0.3939701842
8.8401408	0.2912385083
8.8401536	0.2019846272
8.8401664	0.1392345898
8.8401792	0.1066572083
9.1600256	0.09686640644
9.1600384	0.1162587065
9.1600512	0.1571118018
9.160064	0.2290431019
9.1600768	0.3263842737
9.1600896	0.4225288492
9.1601024	0.4878952631
9.1601152	0.4869242678
9.160128	0.4210250974
9.1601408	0.3216510246
9.1601536	0.2238765199
9.1601664	0.1560188818
9.1601792	0.114161799
9.4800384	0.1076701402
9.4800512	0.1412625804
9.480064	0.2047332402
9.4800768	0.2951058805
9.4800896	0.3965329346
9.4801024	0.473388661
9.4801152	0.4944484566
9.480128	0.4454122928
9.4801408	0.3521058402
9.4801536	0.2510395757
9.4801664	0.1703200621
9.4801792	0.1233719427
9.480192	0.09852547291
9.8000384	0.09961473762
9.8000512	0.126981441
9.800064	0.1826757067
9.8000768	0.265974365
9.8000896	0.3664011406
9.8001024	0.4545005839
9.8001152	0.4957119575
9.800128	0.4676113858
9.8001408	0.3836029028
9.8001536	0.2801118589
9.8001664	0.1917072851
9.8001792	0.1331282404
9.800192	0.1041285383
10.1200384	0.09868220828
10.1200512	0.117679502
10.120064	0.1643355934
10.1200768	0.237950727
10.1200896	0.3378800831
10.1201024	0.4321555801
10.1201152	0.4906288273
10.120128	0.4802746252
10.1201408	0.4103896947
10.1201536	0.3098755297
10.1201664	0.2170278026
10.1201792	0.1489943026
10.120192	0.1112065706
10.4800512	0.1082685556
10.480064	0.1453141974
10.4800768	0.2105192974
10.4800896	0.3028947286
10.4801024	0.4059527876
10.4801152	0.4782595013
10.480128	0.4925754549
10.4801408	0.441229732
10.4801536	0.3447021137
10.4801664	0.244701353
10.4801792	0.1682348433
10.480192	0.1218091695
10.4802048	0.09916163975
10.8400512	0.1026454065
10.840064	0.130978645
10.8400768	0.1856751933
10.8400896	0.2724126592
10.8401024	0.3724630971
10.8401152	0.4584549201
10.840128	0.4971501808
10.8401408	0.4617792021
10.8401536	0.3789624262
10.8401664	0.2763658927
10.8401792	0.1909981431
10.840192	0.1323089144
10.8402048	0.1046607926
11.2000512	0.0980633371
11.200064	0.1191503265
11.2000768	0.1620477579
11.2000896	0.2385385117
11.2001024	0.335942935
11.2001152	0.43306822
11.200128	0.4901370552
11.2001408	0.478899782
11.2001536	0.4075450003
11.2001664	0.3077542837
11.2001792	0.2153618455
11.200192	0.1491601374
11.2002048	0.1118098076
11.560064	0.1099828387
11.5600768	0.1455703858
11.5600896	0.2124877577
11.5601024	0.3033314313
11.5601152	0.4048558626
11.560128	0.4797132836
11.5601408	0.4929210138
11.5601536	0.438552337
11.5601664	0.342821778
11.5601792	0.243059956
11.560192	0.1668775999
11.5602048	0.1223870897
11.5602176	0.09954122818
11.920064	0.1021099112
11.9200768	0.1311942272
11.9200896	0.1869027974
11.9201024	0.2722377777
11.9201152	0.3728243903
11.920128	0.4603331548
11.9201408	0.497671811
11.9201536	0.4632417468
11.9201664	0.3774609064
11.9201792	0.2747459734
11.920192	0.1891992665
11.9202048	0.1337037927
11.9202176	0.1043562804
12.280064	0.0988372454
12.2800768	0.1199161474
12.2800896	0.1654103796
12.2801024	0.240135556
12.2801152	0.3381242733
12.280128	0.4346452401
12.2801408	0.4902134787
12.2801536	0.4818077611
12.2801664	0.4070566632
12.2801792	0.3075666658
12.280192	0.213898736
12.2802048	0.1476264871
12.2802176	0.1107126906
12.6400768	0.1105873189
12.6400896	0.1451384508
12.6401024	0.2125245506
12.6401152	0.3054811254
12.640128	0.4058099889
12.6401408	0.4801822681
12.6401536	0.4921879441
12.6401664	0.4372689336
12.6401792	0.3428998566
12.640192	0.2439136482
12.6402048	0.1685964638
12.6402176	0.1206777354
12.6402304	0.09971265215
13.0400768	0.1037534158
13.0400896	0.1306535378
13.0401024	0.1844498829
13.0401152	0.269247918
13.040128	0.3697484046
13.0401408	0.4586877911
13.0401536	0.4948562843
13.0401664	0.4629135266
13.0401792	0.3791927498
13.040192	0.275720779
13.0402048	0.1916301578
13.0402176	0.1347057338
13.0402304	0.1066293012
