ome	gStar	gStarABS	gpr	gppr
100000000.0	(119066.56833465403-36682.73306908322j)	124589.20739939093	119066.56833465403	-36682.73306908322
80000000.0	(93405.55216984994-6342.160096189473j)	93620.61829981822	93405.55216984994	-6342.160096189473
40000000.0	(39985.89191114999+23013.863776448292j)	46135.77221474773	39985.89191114999	23013.863776448292
26666666.666666668	(23428.410253603597+22525.91043561896j)	32500.87764914488	23428.410253603597	22525.91043561896
20000000.0	(15883.790324972166+20022.69993494946j)	25557.842392751085	15883.790324972166	20022.69993494946
16000000.0	(11715.95877398547+17705.902049485965j)	21231.17183246649	11715.95877398547	17705.902049485965
13333333.333333334	(9130.409876432637+15788.050418919634j)	18238.062411945164	9130.409876432637	15788.050418919634
11428571.42857143	(7395.014945359425+14220.298707194703j)	16028.198319334977	7395.014945359425	14220.298707194703
10000000.0	(6166.482837958833+12928.725883097355j)	14324.017018668763	6166.482837958833	12928.725883097355
8888888.88888889	(5258.560063188406+11851.410427686775j)	12965.661690158464	5258.560063188406	11851.410427686775
8000000.0	(4565.265928530007+10941.256983343199j)	11855.49481775237	4565.265928530007	10941.256983343199
7272727.2727272725	(4022.827134816206+10163.128944967308j)	10930.339798407269	4022.827134816206	10163.128944967308
6666666.666666667	(3588.2587757642586+9490.66567135158j)	10146.345939658304	3588.2587757642586	9490.66567135158
6153846.153846155	(3234.2602611364655+8903.886223783255j)	9473.100301529787	3234.2602611364655	8903.886223783255
5714285.7142857155	(2941.0916926767823+8387.458987794143j)	8888.16564970867	2941.0916926767823	8387.458987794143
5333333.333333335	(2695.048386153988+7929.51598693857j)	8374.9931098972	2695.048386153988	7929.51598693857
5000000.000000002	(2486.0126368488536+7520.559578729842j)	7920.800162092045	2486.0126368488536	7520.559578729842
4705882.352941178	(2306.743528224111+7153.2025333850015j)	7515.941204442024	2306.743528224111	7153.2025333850015
4210526.315789475	(2015.4140230263267+6519.89175759635j)	6824.2862055297755	2015.4140230263267	6519.89175759635
3809523.8095238106	(1789.6902206156988+5993.22763857307j)	6254.739691907539	1789.6902206156988	5993.22763857307
3478260.8695652187	(1610.0570514266028+5548.188749929199j)	5777.082491508101	1610.0570514266028	5548.188749929199
3200000.0000000014	(1463.9943816218517+5167.022147977407j)	5370.418738525834	1463.9943816218517	5167.022147977407
2962962.9629629645	(1343.3495591305573+4836.769021664472j)	5019.852847140975	1343.3495591305573	4836.769021664472
2758620.689655174	(1242.58620459834+4547.7832126737085j)	4714.483282962716	1242.58620459834	4547.7832126737085
2580645.161290324	(1157.460985449621+4292.783732530422j)	4446.0890799798235	1157.460985449621	4292.783732530422
2424242.4242424257	(1084.6624807279547+4066.050798872095j)	4208.23737402102	1084.6624807279547	4066.050798872095
2162162.1621621633	(967.1077141922797+3680.4035514874276j)	3805.347242059716	967.1077141922797	3680.4035514874276
1951219.512195123	(875.8213362022971+3364.339471587875j)	3476.4699183268303	875.8213362022971	3364.339471587875
1777777.7777777787	(802.8475634281767+3100.4732507392764j)	3202.732987411273	802.8475634281767	3100.4732507392764
1632653.0612244906	(743.094526655328+2876.7391481216264j)	2971.1643512065516	743.094526655328	2876.7391481216264
1509433.9622641518	(693.3955045059588+2684.490675280127j)	2772.5958074221758	693.3955045059588	2684.490675280127
1403508.7719298254	(651.691289553133+2517.436025783946j)	2600.4202892598523	651.691289553133	2517.436025783946
1311475.4098360664	(616.3601273787592+2370.9653145291054j)	2449.7706687203313	616.3601273787592	2370.9653145291054
1230769.2307692317	(585.9800880614671+2241.4382132533083j)	2316.76885498677	585.9800880614671	2241.4382132533083
1095890.4109589048	(536.6110560008901+2022.6906208597052j)	2092.6606923092454	536.6110560008901	2022.6906208597052
987654.3209876548	(497.46408848798046+1844.7947213865716j)	1910.6904729418984	497.46408848798046	1844.7947213865716
898876.4044943824	(465.4998972613849+1697.2509875389371j)	1759.929279559908	465.4998972613849	1697.2509875389371
824742.2680412375	(438.73755536411124+1572.8303356841282j)	1632.8765744339416	438.73755536411124	1572.8303356841282
761904.7619047624	(416.01288195223333+1466.3681400045623j)	1524.2382490839948	416.01288195223333	1466.3681400045623
707964.6017699119	(396.55830593737625+1374.1344433960476j)	1430.2111587228253	396.55830593737625	1374.1344433960476
661157.0247933888	(380.0508546212007+1293.5896812526055j)	1348.2629252269464	380.0508546212007	1293.5896812526055
620155.0387596904	(365.5896379525925+1222.5300164577834j)	1276.0232852571992	365.5896379525925	1222.5300164577834
551724.1379310348	(341.7143543631944+1102.9771360717787j)	1154.697909704074	341.7143543631944	1102.9771360717787
496894.40993788844	(322.16210880395687+1006.1465455441003j)	1056.4654729139704	322.16210880395687	1006.1465455441003
451977.4011299438	(305.7371106896553+926.1379075066598j)	975.2982131500462	305.7371106896553	926.1379075066598
414507.77202072565	(291.6181076156323+858.8811395170396j)	907.0379994837102	291.6181076156323	858.8811395170396
382775.11961722514	(279.3547191566544+801.4378146493689j)	848.7294208786741	279.3547191566544	801.4378146493689
355555.5555555558	(268.62942751612024+751.6921324228601j)	798.2498551669553	268.62942751612024	751.6921324228601
331950.20746887993	(259.50319299815794+708.3483073837746j)	754.3866593131786	259.50319299815794	708.3483073837746
311284.0466926072	(251.35657563295158+670.1237342713807j)	715.7135930997424	251.35657563295158	670.1237342713807
276816.60899653996	(237.69019910011357+605.9199645057556j)	650.8729784949655	237.69019910011357	605.9199645057556
249221.1838006232	(226.2035403942317+553.9978468487643j)	598.3992446518894	226.2035403942317	553.9978468487643
226628.8951841361	(216.3511099695809+511.1790767537446j)	555.078238895996	216.3511099695809	511.1790767537446
207792.20779220795	(207.730587769626+475.2404853629743j)	518.6574168207273	207.730587769626	475.2404853629743
191846.52278177472	(200.11982220869496+444.51919790022833j)	487.4887286314444	200.11982220869496	444.51919790022833
178173.7193763921	(193.36924504451864+417.83415993344477j)	460.409654695006	193.36924504451864	417.83415993344477
166320.16632016643	(187.59899203877794+394.60172088215154j)	436.92550845323836	187.59899203877794	394.60172088215154
155945.41910331397	(182.37928630871303+374.0624965904158j)	416.15496564372546	182.37928630871303	374.0624965904158
138648.1802426344	(173.52288881434473+339.5401148751323j)	381.31048051672207	173.52288881434473	339.5401148751323
124804.99219968807	(165.96611330352468+311.56567466882564j)	353.0126348969947	165.96611330352468	311.56567466882564
113475.17730496461	(159.41750236153314+288.48787765053765j)	329.60460495948934	159.41750236153314	288.48787765053765
104031.20936280892	(153.64071903187468+269.1050691779766j)	309.8757957664894	153.64071903187468	269.1050691779766
96038.41536614652	(148.4843067247557+252.45105111200112j)	292.88073093169777	148.4843067247557	252.45105111200112
89186.17614269795	(143.85661218677924+237.86655185326197j)	277.98421063149965	143.85661218677924	237.86655185326197
83246.6181061395	(139.88197822876472+225.1609534136419j)	265.07437215870726	139.88197822876472	225.1609534136419
78048.78048780494	(136.25066436803013+213.86068105087787j)	253.57569765313653	136.25066436803013	213.86068105087787
69384.21509106683	(130.04077604538926+194.80715003737657j)	234.22303289850046	130.04077604538926	194.80715003737657
62451.20999219364	(124.70090913786359+179.2920090591732j)	218.3940046161624	124.70090913786359	179.2920090591732
56777.85663591204	(120.05845889581938+166.4699783833729j)	205.2468934122994	120.05845889581938	166.4699783833729
52049.446974625935	(115.95481607839267+155.68391444693515j)	194.12109774389413	115.95481607839267	155.68391444693515
48048.048048048084	(112.2702187340512+146.36370812671356j)	184.46391807395153	112.2702187340512	146.36370812671356
44617.958728388214	(108.94067833938912+138.1407475608156j)	175.92878540394472	108.94067833938912	138.1407475608156
41644.97657470071	(106.06818241625761+130.96664289705336j)	168.53106797505555	106.06818241625761	130.96664289705336
39043.435822352396	(103.4353755852455+124.55954108129878j)	161.90724565887888	103.4353755852455	124.55954108129878
34707.158351410006	(98.92064315097392+113.73471766653209j)	150.7344673393849	98.92064315097392	113.73471766653209
31237.797735259686	(95.04672152743359+104.90814192971636j)	141.56128537230447	95.04672152743359	104.90814192971636
28399.006034788796	(91.69202987259685+97.62080577286781j)	133.9300192708908	91.69202987259685	97.62080577286781
26033.19232020828	(88.74033041704865+91.49856604968369j)	127.46306850093991	88.74033041704865	91.49856604968369
24031.24061279665	(86.09551851458112+86.19584948784969j)	121.82841531115234	86.09551851458112	86.19584948784969
22315.202231520238	(83.70359274233289+81.49198186052557j)	116.82137880341317	83.70359274233289	81.49198186052557
20827.90939859413	(81.63585489759342+77.38444053993861j)	112.4845075667766	81.63585489759342	77.38444053993861
19526.482792287054	(79.73900935662869+73.70098800284524j)	108.58243525438198	79.73900935662869	73.70098800284524
17357.344326318085	(76.48365683592395+67.46442734808355j)	101.98626731281139	76.48365683592395	67.46442734808355
15621.948838117563	(73.69237335074378+62.3630973261298j)	96.53870621762937	73.69237335074378	62.3630973261298
14202.023788389854	(71.28062331483417+58.14898112706293j)	91.99038681442102	71.28062331483417	58.14898112706293
13018.714401952815	(69.16141365648627+54.60512024221398j)	88.1193525602081	69.16141365648627	54.60512024221398
12017.425266636632	(67.25084536493178+51.51267268434141j)	84.7126416149447	67.25084536493178	51.51267268434141
11159.157483609995	(65.5050682745117+48.739444207994666j)	81.64831530014973	65.5050682745117	48.739444207994666
10415.31050644448	(63.990638844111714+46.31185610710749j)	78.9910746588687	63.990638844111714	46.31185610710749
9764.433052605891	(62.59340412376662+44.12062212301565j)	76.58043833984695	62.59340412376662	44.12062212301565
8679.613757187812	(60.18676924032521+40.39656170975202j)	72.48675320055355	60.18676924032521	40.39656170975202
7811.7371350454105	(58.123899536531255+37.34160521038584j)	69.08533257516456	58.123899536531255	37.34160521038584
7101.642254771419	(56.34762769519346+34.8194181910051j)	66.23780665176218	56.34762769519346	34.8194181910051
6509.886890715277	(54.79424694156904+32.70170743553004j)	63.81074491880383	54.79424694156904	32.70170743553004
6009.163975061973	(53.40194319446233+30.852746064553276j)	61.67381516225821	53.40194319446233	30.852746064553276
5579.967915184491	(52.13838122515584+29.191421629411167j)	59.75407846771412	52.13838122515584	29.191421629411167
5207.994271206305	(51.04025252973372+27.73491716892619j)	58.08900936206595	51.04025252973372	27.73491716892619
4882.51449496491	(50.03519921749163+26.420526725922414j)	56.58237705513312	50.03519921749163	26.420526725922414
4340.042315412578	(48.312772690023486+24.187927227537813j)	54.02943483475043	48.312772690023486	24.187927227537813
3906.059274449492	(46.85306683240325+22.361829150262853j)	51.915905795307	46.85306683240325	22.361829150262853
3550.978738514805	(45.60725486707423+20.86007297962386j)	50.15141414980738	45.60725486707423	20.86007297962386
3255.075883956547	(44.52589203696926+19.603388551154506j)	48.65026109257151	44.52589203696926	19.603388551154506
3004.6948356807534	(43.5583357305452+18.503001620651848j)	47.3253598041128	43.5583357305452	18.503001620651848
2790.081261116732	(42.675837295071915+17.506365207598066j)	46.12699764364955	42.675837295071915	17.506365207598066
2604.081898375706	(41.90854203989748+16.631057991684624j)	45.08789178740376	41.90854203989748	16.631057991684624
2441.3317464676998	(41.20202315602182+15.836566335568923j)	44.140724342156346	41.20202315602182	15.836566335568923
2170.080021700802	(39.98656356982881+14.482347066438498j)	42.52838631639743	39.98656356982881	14.482347066438498
1953.0773174483056	(38.951406877530054+13.371044855761317j)	41.182483391287576	38.951406877530054	13.371044855761317
1775.5287746632052	(38.06687627008698+12.457251233575112j)	40.0533416490874	38.06687627008698	12.457251233575112
1627.5710536488118	(37.298572897651475+11.693139336251141j)	39.08852833937861	37.298572897651475	11.693139336251141
1502.3756314672585	(36.610318758518716+11.02264799222299j)	38.23367898019762	36.610318758518716	11.02264799222299
1395.0649577120944	(35.984358792595884+10.413852633839264j)	37.46094505473125	35.984358792595884	10.413852633839264
1302.062140915676	(35.437972289735704+9.877755802567995j)	36.78885618911305	35.437972289735704	9.877755802567995
1220.6844988327211	(34.939608433966775+9.39206758501846j)	36.17992773680562	34.939608433966775	9.39206758501846
1085.0547274478163	(34.087389304823056+8.565514545552661j)	35.14709303838141	34.087389304823056	8.565514545552661
976.5505792165628	(33.375218311151905+7.8922995751513225j)	34.29567888088795	33.375218311151905	7.8922995751513225
887.7742390110199	(32.775877794186876+7.342995287646967j)	33.58835728305089	32.775877794186876	7.342995287646967
813.7938049946598	(32.26367258877615+6.887437422393462j)	32.990625383025574	32.26367258877615	6.887437422393462
751.1948693390428	(31.81432992711183+6.490405773390937j)	32.46963128547027	31.81432992711183	6.490405773390937
697.5385608035648	(31.412664276378123+6.131161145940993j)	32.00541538455545	31.412664276378123	6.131161145940993
651.0363685191368	(31.06323354309231+5.814641918957129j)	31.602761569179183	31.06323354309231	5.814641918957129
610.3469059226542	(30.747076128885375+5.52867076660049j)	31.240180712040313	30.747076128885375	5.52867076660049
542.531042948114	(30.209086088318823+5.042908336102252j)	30.627109017629913	30.209086088318823	5.042908336102252
488.27826978595124	(29.760989323209547+4.649348047937577j)	30.121967445156262	29.760989323209547	4.649348047937577
443.88958246636173	(29.38446735688166+4.3299630423638105j)	29.701776071404893	29.38446735688166	4.3299630423638105
406.89897207147203	(29.06217629692233+4.066462093998282j)	29.345292724307917	29.06217629692233	4.066462093998282
375.5991980957123	(28.776475925955616+3.8375869536466225j)	29.03123559795383	28.776475925955616	3.8375869536466225
348.77080090854815	(28.51794018427853+3.6311072406428577j)	28.748179979733273	28.51794018427853	3.6311072406428577
325.51950879106147	(28.292037734197997+3.4488100661487864j)	28.501468208245917	28.292037734197997	3.4488100661487864
305.17461710122285	(28.08676094616553+3.285088884842146j)	28.278223944023825	28.08676094616553	3.285088884842146
271.2664412894652	(27.736482416943694+3.008129448130029j)	27.899127220078658	27.736482416943694	3.008129448130029
244.1398799442142	(27.44615986537334+2.78673831474393j)	27.587272460148938	27.44615986537334	2.78673831474393
221.9454069785186	(27.20377096722428+2.6092364346305685j)	27.328616313472555	27.20377096722428	2.6092364346305685
203.45000343321894	(26.998359706361068+2.4648032197331124j)	27.11063779674074	26.998359706361068	2.4648032197331124
187.80003990750862	(26.81989204207+2.3420408980854037j)	26.921956925836472	26.81989204207	2.3420408980854037
174.38578058345135	(26.66179700352152+2.234164289689809j)	26.755240786251846	26.66179700352152	2.234164289689809
162.76008553042507	(26.524179804513714+2.1389364075340067j)	26.610283036030406	26.524179804513714	2.1389364075340067
152.58759958725065	(26.400656147881527+2.0555445054259542j)	26.48055717413177	26.400656147881527	2.0555445054259542
135.63345059975427	(26.191580819974913+1.9168108471902428j)	26.261627323400656	26.191580819974913	1.9168108471902428
122.07012623576937	(26.01863489769088+1.8103622660916245j)	26.08154085697059	26.01863489769088	1.8103622660916245
110.97285742623434	(25.87386475318814+1.7279116313653786j)	25.931497370419613	25.87386475318814	1.7279116313653786
101.72513106647364	(25.749967702064442+1.6634642015517145j)	25.80364218104115	25.749967702064442	1.6634642015517145
93.90013016905552	(25.63812694786601+1.6127758438758977j)	25.6888029950304	25.63812694786601	1.6127758438758977
87.19298532433072	(25.533044432543686+1.5732260938582552j)	25.581465914537553	25.533044432543686	1.5732260938582552
81.38012554918876	(25.44136667081551+1.538304292488745j)	25.48783078598827	25.44136667081551	1.538304292488745
76.2938725529933	(25.354665981469605+1.5116907124448509j)	25.399690861149946	25.354665981469605	1.5116907124448509
67.81678278877874	(25.20317522786232+1.4718350357599577j)	25.246115343530054	25.20317522786232	1.4718350357599577
61.03510968390684	(25.070315704892923+1.4501806172123568j)	25.11222318643929	25.070315704892923	1.4501806172123568
55.486467197441	(24.954838260463365+1.4394442154504172j)	24.99631877407711	24.954838260463365	1.4394442154504172
50.86259787076453	(24.852626400483555+1.4369313576965872j)	24.894132054135646	24.852626400483555	1.4369313576965872
46.95009263840157	(24.756724260201054+1.4450145659750873j)	24.798860118793915	24.756724260201054	1.4450145659750873
43.596516420355464	(24.66398695778189+1.464661816556732j)	24.70743788599932	24.66398695778189	1.464661816556732
40.69008347062001	(24.582645372043363+1.4821424290467802j)	24.627285673976044	24.582645372043363	1.4821424290467802
38.14695446636467	(24.504926657676304+1.5071724839091187j)	24.55123213597125	24.504926657676304	1.5071724839091187
33.90840576663305	(24.368474192549204+1.5596292272560424j)	24.418332821866603	24.368474192549204	1.5596292272560424
30.51756648347228	(24.248423239151936+1.6210541353723007j)	24.302548139955437	24.248423239151936	1.6210541353723007
27.743243219811465	(24.14389071101298+1.6827473925516991j)	24.2024605660763	24.14389071101298	1.6827473925516991
25.431307019771904	(24.051370469296558+1.744581641658632j)	24.114559638437584	24.051370469296558	1.744581641658632
23.475053207675302	(23.96528447123259+1.8162213855844969j)	24.034007570701903	23.96528447123259	1.8162213855844969
21.798264149730112	(23.883049144851505+1.9022821508446377j)	23.958687648467194	23.883049144851505	1.9022821508446377
20.34504690932036	(23.81110001039155+1.978694188614463j)	23.89317296628736	23.81110001039155	1.978694188614463
19.07348178065259	(23.742824138517676+2.063133702758702j)	23.832293610729884	23.742824138517676	2.063133702758702
16.954206476379728	(23.623381966826283+2.2230751530253303j)	23.727752499690567	23.623381966826283	2.2230751530253303
15.258786152117517	(23.518159686114085+2.383030336887126j)	23.638584319034127	23.518159686114085	2.383030336887126
13.871624015179727	(23.425989281661934+2.531439966903762j)	23.56236749841954	23.425989281661934	2.531439966903762
12.715655530984325	(23.343764726988642+2.6708645875349264j)	23.4960607182129	23.343764726988642	2.6708645875349264
11.737528325957038	(23.265794472576147+2.819485152969219j)	23.436012650789564	23.265794472576147	2.819485152969219
10.899133559753759	(23.188354126714458+2.9856372098220456j)	23.379773237877853	23.188354126714458	2.9856372098220456
10.172524748163262	(23.121102988846005+3.1333550209848124j)	23.332452016630278	23.121102988846005	3.1333550209848124
9.536742027194265	(23.053948076173405+3.288850103876796j)	23.287358306700867	23.053948076173405	3.288850103876796
8.477104136455951	(22.933054184454683+3.5765410898221197j)	23.21026971825878	22.933054184454683	3.5765410898221197
7.629393803654312	(22.817394398270366+3.8505588967869198j)	23.140014929637466	22.817394398270366	3.8505588967869198
6.935812608908517	(22.710200614349514+4.097122332609614j)	23.076820044199533	22.710200614349514	4.097122332609614
6.357828270766876	(22.608692086929075+4.321997122026417j)	23.01809325301238	22.608692086929075	4.321997122026417
5.86876459350846	(22.500516729401365+4.550464259098235j)	22.956044477727453	22.500516729401365	4.550464259098235
5.44956715109913	(22.378281939191517+4.792977411238669j)	22.885806409532293	22.378281939191517	4.792977411238669
5.086262697457463	(22.27157971959347+5.009173990600461j)	22.827945314336006	22.27157971959347	5.009173990600461
4.768371297814176	(22.155399445453316+5.2273807584758485j)	22.763726280679016	22.155399445453316	5.2273807584758485
4.238552292794533	(21.936977055060773+5.622476176662327j)	22.646041611535516	21.936977055060773	5.622476176662327
3.8146970837260703	(21.7148909260758+5.980042921004441j)	22.52326355722954	21.7148909260758	5.980042921004441
3.467906454783942	(21.503861224013452+6.290490653173094j)	22.40505122063521	21.503861224013452	6.290490653173094
3.1789142617021318	(21.3006501145113+6.563244986034103j)	22.288873458466494	21.3006501145113	6.563244986034103
2.9343824043867275	(21.080944072406265+6.823667753888585j)	22.15781227015383	21.080944072406265	6.823667753888585
2.7247836683551374	(20.83362096453206+7.081457776589058j)	22.00424519803857	20.83362096453206	7.081457776589058
2.5431314295726977	(20.61566767817685+7.312010005483813j)	21.87398555675945	20.61566767817685	7.312010005483813
2.3841857199613554	(20.383341966221877+7.531321562521404j)	21.730196367958616	20.383341966221877	7.531321562521404
2.1192762025389102	(19.95110874802095+7.915612933560589j)	21.4640086747399	19.95110874802095	7.915612933560589
1.9073485873377671	(19.52820740451363+8.236683567573243j)	21.194193559228246	19.52820740451363	8.236683567573243
1.733953264974394	(19.137338186109524+8.498671985992093j)	20.93955917336878	19.137338186109524	8.498671985992093
1.589457162430741	(18.771585903957675+8.713545856659426j)	20.695369500102412	18.771585903957675	8.713545856659426
1.4671912291014895	(18.395013132800262+8.896927740393417j)	20.433595654550768	18.395013132800262	8.896927740393417
1.3623918573789628	(17.993415984016153+9.05541184825156j)	20.143572238193077	17.993415984016153	9.05541184825156
1.271565734997341	(17.638457861555814+9.198061511777725j)	19.89270045288791	17.638457861555814	9.198061511777725
1.1920928777442452	(17.27633401573074+9.317067701461298j)	19.62853707174094	17.27633401573074	9.317067701461298
1.0596381153048666	(16.61736591327924+9.50872357982833j)	19.145565387666096	16.61736591327924	9.50872357982833
0.9536743050375669	(16.00365664725067+9.633580767145567j)	18.679478164022875	16.00365664725067	9.633580767145567
0.8669766418828033	(15.454016421013907+9.711112639030164j)	18.251913111476807	15.454016421013907	9.711112639030164
0.7947285891102897	(14.955393187528388+9.751780266013029j)	17.85387923534187	14.955393187528388	9.751780266013029
0.7335956212777764	(14.4679566668751+9.756415693609682j)	17.450198202343977	14.4679566668751	9.756415693609682
0.6811959344898303	(13.976716751991692+9.728049969035613j)	17.02890388032826	13.976716751991692	9.728049969035613
0.6357828725514189	(13.542586110337666+9.704540026162661j)	16.66072434425658	13.542586110337666	9.704540026162661
0.5960464433130146	(13.118511108651314+9.65866121930492j)	16.290643641584968	13.118511108651314	9.65866121930492
0.5298190611612863	(12.364614085085616+9.554568611306635j)	15.626050774948338	12.364614085085616	9.554568611306635
0.4768371553609544	(11.695044309848692+9.416805873323552j)	15.015002306532796	11.695044309848692	9.416805873323552
0.43348832329030323	(11.113134558259222+9.26783916091654j)	14.47047346919214	11.113134558259222	9.26783916091654
0.3973642965288746	(10.60063593283022+9.111724171634261j)	13.978447680638768	10.60063593283022	9.111724171634261
0.3667978123206462	(10.124048386308758+8.939179835442355j)	13.505750325646487	10.124048386308758	8.939179835442355
0.3405979686950023	(9.669584457761577+8.750354027646358j)	13.041072010955661	9.669584457761577	8.750354027646358
0.3178914375388965	(9.269082447814545+8.58448929137144j)	12.633659241013849	9.269082447814545	8.58448929137144
0.2980232227667303	(8.893609106320309+8.412762967285817j)	12.242175610558736	8.893609106320309	8.412762967285817
0.2649095314578564	(8.21678415310643+8.057676839020287j)	11.508331671481532	8.21678415310643	8.057676839020287
0.23841857839101993	(7.614602618274632+7.6765098971426164j)	10.812537964565184	7.614602618274632	7.6765098971426164
0.21674416223237697	(7.115204121058817+7.352184130697788j)	10.231360670801159	7.115204121058817	7.352184130697788
0.19868214875786974	(6.695911024718301+7.076256395313208j)	9.742105985009358	6.695911024718301	7.076256395313208
0.18339890658076255	(6.33930122453554+6.839614119844966j)	9.325613187548603	6.33930122453554	6.839614119844966
0.17029898471002294	(6.032417899167475+6.634737739819444j)	8.967151754396742	6.032417899167475	6.634737739819444
0.158945719085245	(5.765565728041926+6.455725812616799j)	8.6555267853585	5.765565728041926	6.455725812616799
0.14901161166092092	(5.531391782432919+6.297990316139482j)	8.382182118813281	5.531391782432919	6.297990316139482
0.1324547659482315	(5.139665409818892+6.032765275596452j)	7.925302353559209	5.139665409818892	6.032765275596452
0.11920928937314564	(4.824958265185593+5.8184103359299035j)	7.558711603047089	4.824958265185593	5.8184103359299035
0.10837208126299483	(4.566572986281771+5.641537533624009j)	7.2581357511641285	4.566572986281771	5.641537533624009
0.09934107450229297	(4.350625735982227+5.493091775177666j)	7.007282036932395	4.350625735982227	5.493091775177666
0.09169945339549114	(4.167454015121199+5.3667267807497225j)	6.794808997121706	4.167454015121199	5.3667267807497225
0.08514949244564192	(4.010124640248276+5.257860486870668j)	6.612578659624566	4.010124640248276	5.257860486870668
0.07947285962157169	(3.8735329992472742+5.16310035793374j)	6.454600158209113	3.8735329992472742	5.16310035793374
