ome	zstar	zpr	zppr	zstarFi	zprFi	zpprFi	zprS	zpprS	zC
100000000.0	194554.41703007196	145.81845480399443	194554.3623846286	195104.41140347614	2019.4799744713132	195093.95954188224	2062.7273464204754	195106.17639242858	(2062.7273464204754+195106.17639242858j)
80000000.0	155672.9740142595	151.89995019659685	155672.89990505556	156144.54000358604	1759.5242323715036	156134.62603601796	1698.6475820862443	156117.47543423873	(1698.6475820862443+156117.47543423873j)
40000000.0	77906.12286695695	150.8581812258379	77905.97680518839	78142.72444526713	958.4441056859176	78136.84642104022	952.0658052202771	78135.29618129125	(952.0658052202771+78135.29618129125j)
26666666.666666668	51983.553048994756	149.7739143865462	51983.33728582863	52143.36305962508	695.93753993043	52138.71864659112	699.5083982416822	52139.6105474776	(699.5083982416822+52139.6105474776j)
20000000.0	39022.25460415605	149.34008615839102	39021.96883718509	39144.6915375894	568.3302927761091	39140.565609752455	570.6295470160917	39141.15177003064	(570.6295470160917+39141.15177003064j)
16000000.0	31245.44127090794	149.07586274924722	31245.08563919937	31346.36353727283	494.9174071813137	31342.456249804938	498.5075011722872	31343.349129027647	(498.5075011722872+31343.349129027647j)
13333333.333333334	26060.872535473965	148.89520254096317	26060.44718589613	26148.26935129324	448.8202756995747	26144.417194267353	454.85054278236936	26145.869270900057	(454.85054278236936+26145.869270900057j)
11428571.42857143	22357.587551006873	148.76028458381037	22357.09264369292	22436.079372078126	418.5336825646687	22432.17526560339	424.67679827697907	22433.632634554524	(424.67679827697907+22433.632634554524j)
10000000.0	19580.10642812325	148.65487571412706	19579.54211580444	19652.630228999507	398.3130659031114	19648.593375081997	406.33171256075457	19650.448295088485	(406.33171256075457+19650.448295088485j)
8888888.88888889	17419.82907240059	148.57004629755832	17419.195499591704	17488.3869485788	384.9706745176422	17484.149268494097	394.00942114178713	17486.181418719734	(394.00942114178713+17486.181418719734j)
8000000.0	15691.595279704723	148.500405663457	15690.892583010354	15757.627909562689	376.5943776191878	15753.127118479511	385.61921640311283	15755.0888837271	(385.61921640311283+15755.0888837271j)
7272727.2727272725	14277.57570313816	148.44244263365766	14276.804012105304	14342.166482430766	371.9695007385859	14337.342086324117	381.0620194984946	14339.202981723232	(381.0620194984946+14339.202981723232j)
6666666.666666667	13099.217296270748	148.3935730055296	13098.376736161217	13163.2137367446	370.29641004057834	13158.004272986569	378.00951839441404	13159.441028485635	(378.00951839441404+13159.441028485635j)
6153846.153846155	12102.137195930873	148.35226243193156	12101.227884614227	12166.227054942465	371.0367158626372	12160.56793525269	376.5593305197778	12161.342597587733	(376.5593305197778+12161.342597587733j)
5714285.7142857155	11247.490109601105	148.31623029750122	11246.512173176403	11312.25002185705	373.8178661165017	11306.071853653546	375.8180884709581	11305.860140226332	(375.8180884709581+11305.860140226332j)
5333333.333333335	10506.790436721381	148.2871831863974	10505.743961875452	10572.715554666756	378.37307766474845	10565.942836017564	375.52890999239236	10564.497965306413	(375.52890999239236+10564.497965306413j)
5000000.000000002	9858.67078572062	148.25550644820757	9857.555983408312	9926.19803613592	384.5043753961115	9918.748098318147	375.3881112721698	9915.71209066226	(375.3881112721698+9915.71209066226j)
4705882.352941178	9286.802992450223	148.25393911850784	9285.619558764954	9356.311906646344	392.05916940265223	9348.094035798926	375.4658139333029	9343.284983898659	(375.4658139333029+9343.284983898659j)
4210526.315789475	8323.64446471662	148.25384676098702	8322.324072753248	8389.510517740811	380.0410193644908	8380.898254416652	375.03918979297174	8378.80641446852	(375.03918979297174+8378.80641446852j)
3809523.8095238106	7543.914814468346	148.20501775325263	7542.458882928547	7607.370300485478	372.2758177897611	7598.25595806021	373.91493041624346	7597.664478092606	(373.91493041624346+7597.664478092606j)
3478260.8695652187	6899.779299250604	148.17497942155	6898.188063096031	6961.738356994772	367.7473494941835	6952.018616070606	371.9467093682053	6951.986685277173	(371.9467093682053+6951.986685277173j)
3200000.0000000014	6358.692501575189	148.14843449617038	6356.966444063149	6419.871317720199	365.77012483144455	6409.443029770003	369.27927168551173	6409.260372805636	(369.27927168551173+6409.260372805636j)
2962962.9629629645	5897.755229843663	148.12568063791468	5895.894803495381	5958.727462024315	365.86479337146767	5947.484839800266	366.3720791450565	5946.629505224065	(366.3720791450565+5946.629505224065j)
2758620.689655174	5500.385533139255	148.10785370829097	5498.391135308358	5561.620286424417	367.68349685999175	5549.453041201847	363.7178239685379	5547.58203077469	(363.7178239685379+5547.58203077469j)
2580645.161290324	5154.277640272937	148.08526823166108	5152.1499149724195	5216.167667409507	370.96476769883384	5202.95976110276	361.37143787566504	5199.902638120925	(361.37143787566504+5199.902638120925j)
2424242.4242424257	4850.120634902499	148.0914788648904	4847.859227225418	4912.986948170294	375.50534862808837	4898.615772444637	359.1730719592927	4894.235459691805	(359.1730719592927+4894.235459691805j)
2162162.1621621633	4340.428007739569	148.1009933547866	4337.900573565214	4398.9303292379855	360.9636460569619	4384.09549254063	355.1951712612803	4381.799864906544	(355.1951712612803+4381.799864906544j)
1951219.512195123	3930.144009327714	148.0546843438436	3927.3542932231567	3985.513797352002	350.73396059577914	3970.0511228154196	350.73699255955415	3968.8020264853158	(350.73699255955415+3968.8020264853158j)
1777777.7777777787	3592.7755005800473	148.02201199067161	3589.7249590371744	3645.902654844315	343.70469745134466	3629.6657214612346	345.88324806366495	3628.8144832234966	(345.88324806366495+3628.8144832234966j)
1632653.0612244906	3310.4627330231133	147.9884689348713	3307.153295478934	3362.0237784156034	339.12673500697787	3344.8762225582336	340.72638003286426	3343.9729874102336	(340.72638003286426+3343.9729874102336j)
1509433.9622641518	3070.7402954124364	147.95361157220088	3067.1738931290474	3121.2591571071325	336.4758421936725	3103.0698885853644	335.59029891232166	3101.7750753447694	(335.59029891232166+3101.7750753447694j)
1403508.7719298254	2864.6427912071686	147.92077225793204	2860.821169935271	2914.531421933945	335.3723717092534	2895.1716325175635	330.83501578609923	2893.27528813431	(330.83501578609923+2893.27528813431j)
1311475.4098360664	2685.5532473126996	147.88064770646855	2681.4786141578124	2735.142925844179	335.53295166719573	2714.484198359047	326.54342217320715	2711.9695612032483	(326.54342217320715+2711.9695612032483j)
1230769.2307692317	2528.493742557313	147.86386244564267	2524.166572224215	2578.04317100952	336.74022470605104	2555.9563010062866	322.53246451813595	2552.8145930634364	(322.53246451813595+2552.8145930634364j)
1095890.4109589048	2265.9615006818585	147.8188779745161	2261.134914569835	2310.9514519485883	320.98869690016124	2288.550386101566	315.3742591627139	2286.560100870282	(315.3742591627139+2286.560100870282j)
987654.3209876548	2055.2149492350377	147.71053644038264	2049.900018289593	2096.7834566676825	309.3029504905051	2073.844871000033	308.29957220946227	2072.3838137359344	(308.29957220946227+2072.3838137359344j)
898876.4044943824	1882.3036644025117	147.605518243758	1876.5073130705127	1921.2634648550306	300.5962063043902	1897.6024931850627	301.3666774280439	1896.3692830906236	(301.3666774280439+1896.3692830906236j)
824742.2680412375	1737.8635267028017	147.4903946839934	1731.5935495721446	1774.8250606763206	294.14054370654145	1750.281502088371	294.576393771449	1749.0997582786645	(294.576393771449+1749.0997582786645j)
761904.7619047624	1615.3872215770418	147.36679475604961	1608.6512684350587	1650.8170732877984	289.4299349089947	1625.246849631485	288.0931113309831	1623.9600639006292	(288.0931113309831+1623.9600639006292j)
707964.6017699119	1510.2100130103374	147.23524786899105	1503.0156569981698	1544.4714122091282	286.1008999614217	1517.741156512705	282.06320617899115	1516.222545120451	(282.06320617899115+1516.222545120451j)
661157.0247933888	1418.8990069300803	147.08931883142105	1411.2544505343028	1452.2804004999757	283.8847119975998	1424.263961479897	276.80708218597334	1422.658165514573	(276.80708218597334+1422.658165514573j)
620155.0387596904	1338.881104118693	146.95580869635486	1330.7917197129275	1371.6059076342967	282.5774681336296	1342.1820816716674	271.8800896032	1340.5185911215142	(271.8800896032+1340.5185911215142j)
551724.1379310348	1205.233093302367	146.65608494623876	1196.2770590207913	1233.9692991013897	267.6084987298431	1204.6019768090762	263.2206849427625	1203.1965620879905	(263.2206849427625+1203.1965620879905j)
496894.40993788844	1098.0177726167387	146.27634500046477	1088.2307934788141	1123.7348234510227	256.22600057437654	1094.1335339281768	255.1841134234141	1092.7812482413	(255.1841134234141+1092.7812482413j)
451977.4011299438	1010.0784664780241	145.8746576855274	999.4894159958509	1033.4663751140015	247.45859976515862	1003.4027057435819	247.71586460634364	1002.1008134472878	(247.71586460634364+1002.1008134472878j)
414507.77202072565	936.6193470319964	145.44145409965026	925.2581178590235	958.1934575868523	240.65628527735035	927.4800561299168	240.72204420230287	926.2694046839449	(240.72204420230287+926.2694046839449j)
382775.11961722514	874.3156265416584	144.98003734193875	862.2114610623445	894.4673325912765	235.36698649223734	862.9450682068449	234.24001444375554	861.8074766749181	(234.24001444375554+861.8074766749181j)
355555.5555555558	820.7882052586442	144.49283106009966	807.969739324403	839.8198456218549	231.26561215920466	807.3497319829521	228.28585854049768	806.2263902022628	(228.28585854049768+806.2263902022628j)
331950.20746887993	774.2888057707044	143.97757918736446	760.7848654075406	792.4378666984562	228.11151253556426	758.8958495250434	223.1534150250588	757.981547742906	(223.1534150250588+757.981547742906j)
311284.0466926072	733.508868671389	143.45148019643582	719.3447944129662	750.9593745284623	225.7219558301106	716.2329096379256	218.3863949169802	715.5796230718119	(218.3863949169802+715.5796230718119j)
276816.60899653996	665.3023434321553	142.33216208557016	649.8990412459189	679.9732955401902	213.18023250566472	645.6917771790327	210.1041152456642	644.6671888339222	(210.1041152456642+644.6671888339222j)
249221.1838006232	610.4624278289133	141.1132570452749	593.928804215493	623.0813066899061	203.52760782436764	588.9030714809452	202.68261918389726	587.6034465665068	(202.68261918389726+587.6034465665068j)
226628.8951841361	565.3652404521912	139.8416195379603	547.797568958246	576.4449855958655	195.9701308220406	542.1111779369708	195.9849948708329	540.7365739627633	(195.9849948708329+540.7365739627633j)
207792.20779220795	527.5852942899756	138.52140307548967	509.0756953941505	537.502182274108	189.97694049181104	502.8094649375639	189.86940400851367	501.5381926018804	(189.86940400851367+501.5381926018804j)
191846.52278177472	495.44316701564964	137.16391460999608	476.07771662971015	504.4773218675631	185.1793924709075	469.26107965904697	184.28937880161894	468.1418613862336	(184.28937880161894+468.1418613862336j)
178173.7193763921	467.7381832686183	135.7784018732467	447.5971779090823	476.10110157564657	181.31321325179636	440.22468992760133	179.2148871394635	439.22675116880714	(179.2148871394635+439.22675116880714j)
166320.16632016643	443.5891984943796	134.37278686578796	422.7473609270762	451.4420859737552	178.1837611724257	414.78971086899367	174.8468023179086	414.11921008871855	(174.8468023179086+414.11921008871855j)
155945.41910331397	422.3352371899166	132.95570900839704	400.8613625860412	429.8012989493267	175.64427852231398	392.273175224746	170.81352809423063	391.97768678071344	(170.81352809423063+391.97768678071344j)
138648.1802426344	386.6000893516713	130.10847791152332	364.0486410663647	392.6563792920309	165.97834210435252	355.85140459329057	163.84601630451695	354.875679031937	(163.84601630451695+354.875679031937j)
124804.99219968807	357.6633617297852	127.27882432291791	334.250177565887	362.74731106067117	158.45130423998404	326.31088836628686	157.71437025710622	324.9165899925152	(157.71437025710622+324.9165899925152j)
113475.17730496461	333.69766841615706	124.50446524043876	309.60098843765326	338.1049759921877	152.47034812046755	301.7743656023507	152.27056723572787	300.27124489615017	(152.27056723572787+300.27124489615017j)
104031.20936280892	313.4820433940334	121.80849224684447	288.8488925840794	317.41655333808495	147.64036408854443	280.990375680078	147.37031951249392	279.6222792895303	(147.37031951249392+279.6222792895303j)
96038.41536614652	296.1697224674136	119.20820540432801	271.11973050795166	299.7731636417132	143.68788186275043	263.0926495468044	142.92509942504148	261.92537541608937	(142.92509942504148+261.92537541608937j)
89186.17614269795	281.15441202093666	116.71489891186289	255.78396308375596	284.5256114575822	140.41748232905726	247.46263199052888	138.88557412387635	246.4680904722744	(138.88557412387635+246.4680904722744j)
83246.6181061395	267.99032286458356	114.33592635908039	242.37596640895458	271.1977679594161	137.68563542267836	233.6469455062972	135.40290198986403	233.02733488360948	(135.40290198986403+233.02733488360948j)
78048.78048780494	256.3416612847654	112.07269968424511	230.54448008078268	259.43244773792895	135.38437774576715	221.30581827345765	132.1883589757511	221.09680539328662	(132.1883589757511+221.09680539328662j)
69384.21509106683	236.6177593825731	107.89973400358717	210.5839772090564	239.17634434799479	128.18905850215575	201.92297783066064	126.64211125472794	201.02546891207794	(126.64211125472794+201.02546891207794j)
62451.20999219364	220.51529663011954	104.1834057965714	194.35229354061283	222.71097857618315	122.49444944439918	185.9980909409412	121.8031001217346	184.7239156629976	(121.8031001217346+184.7239156629976j)
56777.85663591204	207.0898629345663	100.8838240882736	180.8553714092665	209.02692386001945	117.89057381361536	172.6095811485529	117.5487058606058	171.27869179871286	(117.5487058606058+171.27869179871286j)
52049.446974625935	195.70517594123342	97.9591400638477	169.42409146322905	197.44869307370388	114.10365788700094	161.1407510635344	113.75278668895898	159.98773774821188	(113.75278668895898+159.98773774821188j)
48048.048048048084	185.91499957301556	95.36419607590422	159.5934120602441	187.5062526464933	110.94356955768242	151.16255870859774	110.31811740840574	150.25025403175434	(110.31811740840574+150.25025403175434j)
44617.958728388214	177.39639281081742	93.05588429873417	151.03007177271166	178.86173948271457	108.27384546428753	142.3667666246517	107.19564113910332	141.6769485666843	(107.19564113910332+141.6769485666843j)
41644.97657470071	169.90921167459177	90.99361542141912	143.489728428275	171.26555979637598	105.99377377309865	134.52587815622397	104.49630655398046	134.20717697342639	(104.49630655398046+134.20717697342639j)
39043.435822352396	163.27125732685377	89.1443475444656	136.78738527350842	164.5289928933248	104.02724329623197	127.46812211168049	102.0102917554616	127.54599510394002	(102.0102917554616+127.54599510394002j)
34707.158351410006	152.00664568224445	85.95662258326348	125.36937172071099	152.9806128054272	98.74862258530645	116.84082091387728	97.72921537754237	116.30981461646999	(97.72921537754237+116.30981461646999j)
31237.797735259686	142.78767132282866	83.28598594383229	115.98173833479095	143.55052019150224	94.53458080385728	108.02761165317816	94.0314864585171	107.16445533700683	(94.0314864585171+107.16445533700683j)
28399.006034788796	135.0849361937007	80.99504756578388	108.1098619750881	135.68641025735565	91.10054380069853	100.55591900899934	90.81309852364545	99.62388536619169	(90.81309852364545+99.62388536619169j)
26033.19232020828	128.5380356419236	78.98198333192714	101.4094320841982	129.01314405328333	88.25341257685815	94.10486973080666	87.96933340099294	93.29604156071935	(87.96933340099294+93.29604156071935j)
24031.24061279665	122.89337102742712	77.17744105139336	95.6369344722193	123.26652200234774	85.85729786071765	88.44862831390483	85.41219557545911	87.82301874506088	(85.41219557545911+87.82301874506088j)
22315.202231520238	117.96715963173811	75.53317976332538	90.6145104628456	118.25495461505378	83.8137029510757	83.42360270713124	83.09300297324936	82.97582965522096	(83.09300297324936+82.97582965522096j)
20827.90939859413	113.62297153191103	74.01665401191842	86.20739288843752	113.83609923852676	82.04946345863833	78.90844717768361	81.08605504685828	78.74709431436489	(81.08605504685828+78.74709431436489j)
19526.482792287054	109.75722040895522	72.60285084787463	82.3132643057074	109.90203319435481	80.50910835381447	74.81136526174902	79.24077945284621	74.9592706531733	(79.24077945284621+74.9592706531733j)
17357.344326318085	103.1587329777182	70.02884127099843	75.74751203709249	103.20518694517101	76.79526874984577	68.947786839221	76.06747614032636	68.5532824623289	(76.06747614032636+68.5532824623289j)
15621.948838117563	97.71341212360157	67.73460773482854	70.42679762594429	97.6884038367482	73.7948227551	64.01053334190377	73.3380373633946	63.320200893011034	(73.3380373633946+63.320200893011034j)
14202.023788389854	93.12443981575545	65.66999357809053	66.02736731425696	93.0410779499609	71.31317854627768	59.75845339127696	70.97407112570029	59.001117439537225	(70.97407112570029+59.001117439537225j)
13018.714401952815	89.19110675519596	63.80631182304671	62.320206159454344	89.05463087199175	69.2200287581205	56.02958949047973	68.89266372500374	55.371793305501015	(68.89266372500374+55.371793305501015j)
12017.425266636632	85.77253445829007	62.12156869396393	59.142525904797786	85.58389778579745	67.42501893726688	52.711197875963954	67.01284275169668	52.20831397492039	(67.01284275169668+52.20831397492039j)
11159.157483609995	82.76679137146749	60.59779480295193	56.375961357189794	82.52470943122135	65.86359751727117	49.72237110989806	65.29263839413969	49.37509827463366	(65.29263839413969+49.37509827463366j)
10415.31050644448	80.09817658417005	59.218714199222454	53.93386487819778	79.80029081393576	64.4884282829657	47.003500205639035	63.79956990785026	46.896668769573274	(63.79956990785026+46.896668769573274j)
9764.433052605891	77.70916118487024	57.97041431104489	51.750795130721855	77.35270918073242	63.263992701201744	44.50964889887649	62.42047558041655	44.66153850930814	(62.42047558041655+44.66153850930814j)
8679.613757187812	73.60106921674347	55.81131229218427	47.98140066809371	73.20853008848572	60.56734758558341	41.12280734779475	60.04268384079408	40.866019798393474	(60.04268384079408+40.866019798393474j)
7811.7371350454105	70.18517143207141	54.02175324921494	44.806344024369906	69.75910928510845	58.353871979302276	38.22510893738441	58.00152593078848	37.75532970419584	(58.00152593078848+37.75532970419584j)
7101.642254771419	67.29250313366295	52.52307283722766	42.06670652344103	66.83482945857035	56.501977067190055	35.69903382803116	56.241988257759644	35.18863589980384	(56.241988257759644+35.18863589980384j)
6509.886890715277	64.8067228943611	51.25083143668721	39.66438716726607	64.31876435505133	54.928148138409625	33.46344259405401	54.70181293237122	33.034619262185174	(54.70181293237122+33.034619262185174j)
6009.163975061973	62.64457261419834	50.154612609617146	37.5347480608942	62.12696979099078	53.57260006866919	31.460084190814033	53.32023875373017	31.155444568625025	(53.32023875373017+31.155444568625025j)
5579.967915184491	60.74462722606207	49.19553842873797	35.6329725891597	60.19723839268592	52.39112662363566	29.645865836774515	52.065599522009194	29.46858536692595	(52.065599522009194+29.46858536692595j)
5207.994271206305	59.06041417237784	48.34407748884458	33.92613585372492	58.482304428298114	51.35020035432468	27.988155616525553	50.974912672729296	27.990390401715153	(50.974912672729296+27.990390401715153j)
4882.51449496491	57.55603530752377	47.577924395294	32.38886090242463	56.94553491598222	50.42388153460316	26.461785991343383	49.97617266689449	26.65726160063197	(49.97617266689449+26.65726160063197j)
4340.042315412578	54.97955517521459	46.238488252861224	29.744809485933516	54.40196181850231	48.5598191687901	24.525851911731607	48.26375958849924	24.394097313045805	(48.26375958849924+24.394097313045805j)
3906.059274449492	52.849443684915684	45.08763473816887	27.571160503731825	52.294849505689726	47.036912653521824	22.853449036145413	46.81156453101019	22.544115183597686	(46.81156453101019+22.544115183597686j)
3550.978738514805	51.054908600092745	44.073758308078496	25.770283676453893	50.51159041950781	45.76403987585813	21.379275501030904	45.57151827851608	21.02324339510762	(45.57151827851608+21.02324339510762j)
3255.075883956547	49.518884469926526	43.165595571040825	24.266258016910463	48.974839380540175	44.678681943554096	20.05867074699722	44.49468948560522	19.750931276913914	(44.49468948560522+19.750931276913914j)
3004.6948356807534	48.18597343411871	42.343419988809295	22.99832210064245	47.63001928382283	43.73682463170733	18.860246767012733	43.5308141522578	18.637509478582373	(43.5308141522578+18.637509478582373j)
2790.081261116732	47.01537140061766	41.593856959900094	21.91794267574828	46.43773337539678	42.90681468028028	17.76142829382043	42.651379992362266	17.62982756477755	(42.651379992362266+17.62982756477755j)
2604.081898375706	45.976376729435316	40.90737228896637	20.986045591746613	45.36897412326447	42.16547401080534	16.74564464096681	41.8866354387323	16.74511176574354	(41.8866354387323+16.74511176574354j)
2441.3317464676998	45.04568701782491	40.27623490533385	20.17272467363313	44.40199569882884	41.495557572884636	15.800503908237586	41.18228052913919	15.942470833498884	(41.18228052913919+15.942470833498884j)
2170.080021700802	43.440221168194505	39.15826068419646	18.806473229453935	42.81084695949789	40.21764334085807	14.673437957652745	39.97024580339686	14.574911972723019	(39.97024580339686+14.574911972723019j)
1953.0773174483056	42.09511383123553	38.202925107265976	17.67866289381931	41.46722917835917	39.146988514244896	13.676417147635577	38.9376501843048	13.45314271763469	(38.9376501843048+13.45314271763469j)
1775.5287746632052	40.944591311997364	37.38041988197506	16.70819461084092	40.311462867677754	38.231696111305624	12.780901806403987	38.05507744619167	12.53094211223958	(38.05507744619167+12.53094211223958j)
1627.5710536488118	39.94453431971491	36.66768298288341	15.84445791706502	39.30337389059856	37.437075281588115	11.967480668247958	37.28830761132343	11.759935922703301	(37.28830761132343+11.759935922703301j)
1502.3756314672585	39.06449887996583	36.04553818042174	15.058361465531712	38.4145644639158	36.73878582453017	11.22231611975192	36.60129590944994	11.083680514190492	(36.60129590944994+11.083680514190492j)
1395.0649577120944	38.282598006265786	35.4982423686612	14.332902666422168	37.624105404222895	36.1190223467668	10.535156960474543	35.97636895349132	10.469993711220777	(35.97636895349132+10.469993711220777j)
1302.062140915676	37.582624011145136	35.012817716821104	13.658558602274297	36.91603655284433	35.5643066707951	9.89817386170691	35.43084021285688	9.929717733452959	(35.43084021285688+9.929717733452959j)
1220.6844988327211	36.95198723168548	34.578943012144805	13.028663037069029	36.277849821274685	35.06415346721735	9.305242032445422	34.93320207027034	9.440407088394988	(34.93320207027034+9.440407088394988j)
1085.0547274478163	35.8619435589436	33.83290865171248	11.891731917165615	35.2560209667472	34.18025438881978	8.642755597798907	34.08212638860395	8.607909792084131	(34.08212638860395+8.607909792084131j)
976.5505792165628	34.95468988508561	33.20994451370513	10.905500005003551	34.40826702681691	33.4523954030273	8.053948198756537	33.37080434229878	7.9300220350982	(33.37080434229878+7.9300220350982j)
887.7742390110199	34.189626356797945	32.67823242843007	10.053043109971926	33.692810852513695	32.84210552339505	7.52340401237691	32.77210820073665	7.3769557725092225	(32.77210820073665+7.3769557725092225j)
813.7938049946598	33.5376588677635	32.21641181756506	9.320803180602512	33.07971698280407	32.32186578477049	7.040217883964884	32.26040437373862	6.918306470476535	(32.26040437373862+6.918306470476535j)
751.1948693390428	32.976761567303086	31.81001341677487	8.69424234142117	32.54707240636534	31.87158620365799	6.596507794885541	31.81146588652708	6.518687650128392	(31.81146588652708+6.518687650128392j)
697.5385608035648	32.48995808485146	31.448736913982373	8.159308970159621	32.078582232880656	31.476387735782858	6.186473403995609	31.41013509676833	6.157245438432409	(31.41013509676833+6.157245438432409j)
651.0363685191368	32.063808470250024	31.12496346039093	7.702237545428377	31.661976751887483	31.125130618460986	5.805774351523303	31.060981586779683	5.838842484613959	(31.060981586779683+5.838842484613959j)
610.3469059226542	31.687985873811876	30.832750785369154	7.31231343325892	31.287915264091943	30.809399078740874	5.451107225131296	30.74505790225264	5.551235606321572	(30.74505790225264+5.551235606321572j)
542.531042948114	31.054060553491112	30.325338789979767	6.687937210593506	30.701775965464197	30.278755297336083	5.078978743566172	30.207434483256943	5.062778887189342	(30.207434483256943+5.062778887189342j)
488.27826978595124	30.53692029286836	29.898415278909027	6.211945329998859	30.210260491785423	29.83566728280163	4.742657142519536	29.7596081365665	4.667090895110884	(29.7596081365665+4.667090895110884j)
443.88958246636173	30.10406107409911	29.532651669830713	5.837549014914949	29.788281007614046	29.456191767472074	4.435589244563818	29.383290222885776	4.345985253091988	(29.383290222885776+4.345985253091988j)
406.89897207147203	29.73312109681026	29.21445920918449	5.5293637312514585	29.419617485301025	29.12495653214147	4.153408236894086	29.061157127376443	4.081064522325307	(29.061157127376443+4.081064522325307j)
375.5991980957123	29.409146571595443	28.934094292957308	5.2646072518127385	29.093376388755917	28.83173126738285	3.8930478835018576	28.775583569288624	3.8509967394783082	(28.775583569288624+3.8509967394783082j)
348.77080090854815	29.12186303105018	28.68443895406338	5.028505572221082	28.801946276943145	28.569445800721088	3.652242595937374	28.5171524956823	3.643500721367717	(28.5171524956823+3.643500721367717j)
325.51950879106147	28.864148844152474	28.460202044321065	4.812066925325511	28.539791937112287	28.333020461893735	3.42923830020172	28.291336602816237	3.4603294873407764	(28.291336602816237+3.4603294873407764j)
305.17461710122285	28.630835373165862	28.25733553015813	4.609525236007329	28.30273141802076	28.118664929443483	3.222621340819377	28.086132491661296	3.29584752551298	(28.086132491661296+3.29584752551298j)
271.2664412894652	28.223664832130087	27.903931742101477	4.236254228508747	27.93112904594888	27.767998258941414	3.014339475386866	27.735967586290993	3.0176306116482006	(27.735967586290993+3.0176306116482006j)
244.1398799442142	27.880199041971455	27.606205637456828	3.8990907815018665	27.620491714115868	27.475510304391463	2.8262866172456698	27.445728308535678	2.795242962356084	(27.445728308535678+2.795242962356084j)
221.9454069785186	27.587304141727124	27.35205371042419	3.5950671245784678	27.357543001885404	27.228339261733677	2.655692028067526	27.203401974155646	2.61693265889003	(27.203401974155646+2.61693265889003j)
203.45000343321894	27.33588450867573	27.13301756260453	3.3241449756368895	27.13251749243134	27.017051286819715	2.500489000664826	26.998038960051232	2.4718306531950995	(26.998038960051232+2.4718306531950995j)
187.80003990750862	27.118959504780683	26.942831747394077	3.085738494031587	26.938006348749393	26.834508931708147	2.359092291399016	26.819609773057174	2.3485057157311067	(26.819609773057174+2.3485057157311067j)
174.38578058345135	26.9309720898461	26.77668923339121	2.8785710695518705	26.768287989729938	26.67521641596449	2.2302625546286716	26.66154622445681	2.240149167208988	(26.66154622445681+2.240149167208988j)
162.76008553042507	26.767282118144333	26.630725093597498	2.700346826162505	26.6188961231809	26.534897640497054	2.1130163333583023	26.523955136895037	2.144507499831083	(26.523955136895037+2.144507499831083j)
152.58759958725065	26.624297098050892	26.501951981431244	2.549458205029777	26.486318879955842	26.410202444476337	2.0065628952219177	26.40045325938459	2.060754943557969	(26.40045325938459+2.060754943557969j)
135.63345059975427	26.387556687395687	26.285686305769204	2.316429011478272	26.281942043660404	26.212880613480394	1.9040397920600898	26.191411976723437	1.9214235676401685	(26.191411976723437+1.9214235676401685j)
122.07012623576937	26.20003720903307	26.111235443568905	2.1553035436402674	26.11192172418854	26.04889041879651	1.8132192585787148	26.018490904218808	1.814499721105453	(26.018490904218808+1.814499721105453j)
110.97285742623434	26.04804463544169	25.967323378015763	2.0490841640886117	25.966245418749022	25.908359128759606	1.7328671045187856	25.873739466720757	1.7316622976330782	(25.873739466720757+1.7316622976330782j)
101.72513106647364	25.92142593685572	25.845549182462157	1.981895571624819	25.838462328908218	25.784943719105318	1.6621711479207575	25.749856878302158	1.6668939486346688	(25.749856878302158+1.6668939486346688j)
93.90013016905552	25.813139549181457	25.739988235627035	1.9419523720466745	25.724362573125173	25.674519291736758	1.6005901823515805	25.638027554483905	1.6159347966646977	(25.638027554483905+1.6159347966646977j)
87.19298532433072	25.71823580176332	25.646432894511538	1.9204511299216358	25.62115668525235	25.574364347628695	1.5477590590881332	25.532954221190025	1.576153331267394	(25.532954221190025+1.576153331267394j)
81.38012554918876	25.63325137450987	25.56191591098967	1.9110287774666095	25.52696322001664	25.482651962280883	1.5034294813340705	25.44128419786027	1.541031423919478	(25.44128419786027+1.541031423919478j)
76.2938725529933	25.55583453074164	25.484399140416603	1.9094708729332377	25.440484584675925	25.398127866698676	1.467432032483085	25.35458987438761	1.5142430059823682	(25.35458987438761+1.5142430059823682j)
67.81678278877874	25.417299765778225	25.344821537210052	1.9181106929484644	25.29140386535207	25.25062061162409	1.4357117427151553	25.203109168768073	1.474096912902055	(25.203109168768073+1.474096912902055j)
61.03510968390684	25.294186813260644	25.220295175461004	1.9319932211959245	25.158715870168614	25.11901638093763	1.4127987436507208	25.07025697645245	1.452210917804056	(25.07025697645245+1.452210917804056j)
55.486467197441	25.182376736300313	25.107065545814528	1.9461135031472805	25.039539961112503	25.000456830483156	1.3984704971139195	24.954785148053833	1.4412856833278318	(24.954785148053833+1.4412856833278318j)
50.86259787076453	25.079439090620422	25.002857910662055	1.9584078736013146	24.931953525960083	24.893028801018428	1.3926319443056492	24.85257770293933	1.4386159128278788	(24.85257770293933+1.4386159128278788j)
46.95009263840157	24.983905451035902	24.906227905107805	1.9685891204440586	24.83455938332947	24.79533294743521	1.3952791082617793	24.756678971706613	1.446566549302267	(24.756678971706613+1.446566549302267j)
43.596516420355464	24.894745923483335	24.816130790474478	1.9768730826370164	24.74628385377634	24.706282656648472	1.4064714221989765	24.663944255671293	1.4661002637254643	(24.663944255671293+1.4661002637254643j)
40.69008347062001	24.81118257644846	24.731760457133955	1.9836344251915023	24.666273684837005	24.625001313830456	1.4263126547608516	24.58260497710827	1.4834827822479373	(24.58260497710827+1.4834827822479373j)
38.14695446636467	24.7325696541159	24.65244908970006	1.989159514830686	24.59383553358238	24.550761825363715	1.4549364409358128	24.504888089479838	1.5084271002430654	(24.504888089479838+1.5084271002430654j)
33.90840576663305	24.588138329243456	24.506871870654876	1.9974427684707234	24.456086032107706	24.410770526980414	1.488094852137487	24.368438621626993	1.5607413759755537	(24.368438621626993+1.5607413759755537j)
30.51756648347228	24.457999499349526	24.375854120988514	2.002866790994602	24.33582303977969	24.287632224080184	1.5307527466230086	24.248389885991042	1.6220526470721521	(24.248389885991042+1.6220526470721521j)
27.743243219811465	24.339506935266478	24.256727868115206	2.0056796813270292	24.230332871977296	24.17856959689394	1.5829729419606302	24.14385917116324	1.6836532156226485	(24.14385917116324+1.6836532156226485j)
25.431307019771904	24.230670419145824	24.14749542442365	2.005954557986624	24.137625217421053	24.081511403425523	1.6449193485904157	24.051340440605152	1.745410428702736	(24.051340440605152+1.745410428702736j)
23.475053207675302	24.129968877570466	24.046632354025405	2.0037141669554264	24.05620772571443	23.99486634400005	1.7168340852558106	23.965255565230038	1.8169850952694564	(23.965255565230038+1.8169850952694564j)
21.798264149730112	24.036235066647418	23.952962580031052	1.9990447265539726	23.984933564597867	23.917370359929006	1.799008939433821	23.8830209863845	1.9029901450067161	(23.8830209863845+1.9029901450067161j)
20.34504690932036	23.948578295568804	23.865574338084098	1.9921756680501015	23.922897350071814	23.847982121943687	1.8917627582567842	23.811072634845686	1.9793540331632538	(23.811072634845686+1.9793540331632538j)
19.07348178065259	23.866257369768388	23.78371304114559	1.9832384668680243	23.869364348534077	23.785811740023572	1.9954233313325742	23.742797343053287	2.063751469056447	(23.742797343053287+2.063751469056447j)
16.954206476379728	23.71559012601744	23.634381311760507	1.9609270857330432	23.751947415108845	23.658579409812408	2.103954923399284	23.623356242474742	2.223622984473299	(23.623356242474742+2.223622984473299j)
15.258786152117517	23.580977953944167	23.501414963949234	1.9354627241731726	23.654184382869172	23.549362258982057	2.2244046425961574	23.51813481795037	2.383522372105078	(23.51813481795037+2.383522372105078j)
13.871624015179727	23.459946666461576	23.38212185698688	1.9093127188174288	23.572956795964892	23.454829782009526	2.356958209512094	23.425965223808376	2.531886472323369	(23.425965223808376+2.531886472323369j)
12.715655530984325	23.350691630541906	23.274489060858592	1.8849293304083101	23.50582643435535	23.37230252908604	2.5018694711988916	23.343741422849742	2.671273236765154	(23.343741422849742+2.671273236765154j)
11.737528325957038	23.2517188396784	23.176876526333473	1.8640878419613058	23.450837939139507	23.29955403973556	2.6594325705359076	23.26577173082592	2.8198618114871317	(23.26577173082592+2.8198618114871317j)
10.899133559753759	23.161777624433398	23.087930292780655	1.8480848247320685	23.406392779879713	23.234685706442182	2.8299475417146014	23.188331733114524	2.985986463234741	(23.188331733114524+2.985986463234741j)
10.172524748163262	23.07973922591959	23.006470136182898	1.837578463461048	23.371163014785445	23.17604177058028	3.0136935000084555	23.12108102723149	3.133680589598074	(23.12108102723149+3.133680589598074j)
9.536742027194265	23.004751079078392	22.931575896189315	1.8334118816206224	23.344030439634363	23.122150183618793	3.2109076680516906	23.05392643942443	3.2891549554693595	(23.05392643942443+3.2891549554693595j)
8.477104136455951	22.872347757191793	22.79794498401855	1.843365517628017	23.255961215689215	23.004336150888925	3.411781107067976	22.933033224843836	3.5768114895516505	(22.933033224843836+3.5768114895516505j)
7.629393803654312	22.758492000537835	22.681088254987902	1.8754182754773636	23.18335419675052	22.897952515968242	3.6265248363210785	22.817374048514644	3.8508017657947904	(22.817374048514644+3.8508017657947904j)
6.935812608908517	22.658920878877414	22.576779239532904	1.9276240724329188	23.122278444771524	22.798683534265603	3.8548397608658584	22.71018089350636	4.09734271294535	(22.71018089350636+4.09734271294535j)
6.357828270766876	22.57009610485595	22.481628382044104	1.996402633263827	23.069957988364006	22.703346038043744	4.096466802224038	22.608672983928578	4.322198783541514	(22.608672983928578+4.322198783541514j)
5.86876459350846	22.489338597372857	22.393089508479658	2.0784351836183736	23.02440286454515	22.609526167950296	4.351143956437862	22.500498129072593	4.550650060623805	(22.500498129072593+4.550650060623805j)
5.44956715109913	22.41460962722275	22.309248781966037	2.170747227369801	22.984155150288387	22.515333674577345	4.618564440924431	22.37826370839914	4.793149575575587	(22.37826370839914+4.793149575575587j)
5.086262697457463	22.344313093789285	22.228648297800596	2.270577566605001	22.948115876016065	22.4192375517744	4.898347665914411	22.27156190430756	5.009334384951241	(22.27156190430756+5.009334384951241j)
4.768371297814176	22.277467672177167	22.150341647399188	2.3765375630088066	22.915426489967736	22.31995662102851	5.1900200050212355	22.155381981143048	5.227530827137533	(22.155381981143048+5.227530827137533j)
4.238552292794533	22.150412651894403	21.99746796515959	2.5984964442887506	22.790010107993805	22.12379833382034	5.470110419992292	21.936960295146125	5.6226090710308565	(21.936960295146125+5.6226090710308565j)
3.8146970837260703	22.028404060748596	21.846510736649652	2.824987450778614	22.669742641699727	21.92605468957672	5.758937158069155	21.714874820505216	5.980162062447129	(21.714874820505216+5.980162062447129j)
3.467906454783942	21.909407283051536	21.69578978654389	3.05202113897159	22.553243837459597	21.725098876221043	6.0554839947215235	21.503845764885767	6.2905985597737155	(21.503845764885767+6.2905985597737155j)
3.1789142617021318	21.792028745458854	21.544386693312735	3.275960752499037	22.439648562177325	21.519858561763108	6.358735336192094	21.300635275151723	6.5633435400153015	(21.300635275151723+6.5633435400153015j)
2.9343824043867275	21.675612061862743	21.39197037186117	3.49510541554664	22.328340240996592	21.30956076945929	6.66763809234045	21.080929773386874	6.823758360023314	(21.080929773386874+6.823758360023314j)
2.7247836683551374	21.559828915791904	21.238471504855017	3.708578031493754	22.218827442455666	21.093616535333105	6.981091202522908	20.83360712094559	7.081541519921558	(20.83360712094559+7.081541519921558j)
2.5431314295726977	21.4444867272047	21.083939666747288	3.915801210763749	22.110685767740225	20.87156746056189	7.297951552248359	20.615654282289995	7.31208784761102	(20.615654282289995+7.31208784761102j)
2.3841857199613554	21.32967168031182	20.928512848337526	4.117310280616102	22.00353347128883	20.643063022430056	7.617048921604008	20.383328973277163	7.531394215804683	(20.383328973277163+7.531394215804683j)
2.1192762025389102	21.101198846769734	20.61544345686304	4.501564599980677	21.730535521774783	20.252688051510535	7.876852210833848	19.951096507514706	7.915676976507392	(19.951096507514706+7.915676976507392j)
1.9073485873377671	20.874106865219137	20.300404840484827	4.86023669516299	21.464715853940756	19.86398652770107	8.133637926397146	19.52819584413286	8.23674072215576	(19.52819584413286+8.23674072215576j)
1.733953264974394	20.64891734716884	19.98447334094496	5.196018946777468	21.205463035093523	19.47666255268955	8.38637456481514	19.137327255420956	8.49872353125165	(19.137327255420956+8.49872353125165j)
1.589457162430741	20.42574754942323	19.668598456724595	5.509754776838988	20.9522237393938	19.090538020386674	8.6340626426838	18.77157555175316	8.713592745547835	(18.77157555175316+8.713592745547835j)
1.4671912291014895	20.204777423978594	19.35361045032198	5.80265398672908	20.704496908474717	18.70554303913121	8.875745143042867	18.395003295937535	8.896970670991035	(18.395003295937535+8.896970670991035j)
1.3623918573789628	19.986161181474444	19.04023427179054	6.0758635309895626	20.461832342480587	18.32170952605829	9.110518253893662	17.993406603156203	9.055451355750085	(17.993406603156203+9.055451355750085j)
1.271565734997341	19.770002509264128	18.729123860029404	6.330317421108291	20.223828526481082	17.93916324066718	9.337540494862946	17.63844889667276	9.19809809138996	(17.63844889667276+9.19809809138996j)
1.1920928777442452	19.556518938144773	18.420728369449368	6.567663154956895	19.9901311613551	17.558115716420716	9.556040829598842	17.276325430481908	9.317101707515011	(17.276325430481908+9.317101707515011j)
1.0596381153048666	19.137644795451227	17.814136300864465	6.993282217320009	19.49885933656867	16.951456001563074	9.636060131317285	16.617358001603616	9.508753336093665	(16.617358001603616+9.508753336093665j)
0.9536743050375669	18.72986378186632	17.223846033044577	7.358459425534827	19.031686723260485	16.369295312825834	9.708309353014439	16.003649321809778	9.633607140389424	(16.003649321809778+9.633607140389424j)
0.8669766418828033	18.333790447011104	16.651705767610785	7.671281977859591	18.586681137719737	15.810201148056823	9.77252553709886	15.454009611309521	9.711136274533098	(15.454009611309521+9.711136274533098j)
0.7947285891102897	17.949578583726776	16.09924514098451	7.937359587663239	18.16212795557643	15.272948330148536	9.828526907901507	14.955386834081612	9.75180164176655	(14.955386834081612+9.75180164176655j)
0.7335956212777764	17.57730893541444	15.567352017627739	8.162067175064285	17.75650399437953	14.756487495218247	9.876209338905472	14.467950718024921	9.756435155271255	(14.467950718024921+9.756435155271255j)
0.6811959344898303	17.216944909055815	15.056506041540457	8.350138790614123	17.368452775266256	14.259915738873408	9.915541080893396	13.976711163656207	9.728067780374168	(13.976711163656207+9.728067780374168j)
0.6357828725514189	16.868366148382442	14.566860206247032	8.505783929042131	16.99676533946688	13.782452927098076	9.946558365446231	13.542580838508734	9.704556433586404	(13.542580838508734+9.704556433586404j)
0.5960464433130146	16.531398163179365	14.098260479250246	8.632854492505981	16.640361455509094	13.323419323928846	9.969359402125702	13.11850612370449	9.658676397693572	(13.11850612370449+9.658676397693572j)
0.5298190611612863	15.891292096821354	13.222952001481497	8.814006176138822	15.958729469900367	12.613839581473474	9.776098265991376	12.364609592082044	9.554581773809625	(12.364609592082044+9.554581773809625j)
0.4768371553609544	15.294359619551301	12.426640753133906	8.916054944016047	15.334380085711192	11.962734394416074	9.593549834222504	11.695040230028269	9.41681744541104	(11.695040230028269+9.41681744541104j)
0.43348832329030323	14.738038597441275	11.703869024850832	8.957077176669074	14.760462258639679	11.363579885233717	9.420206912835729	11.113130828510062	9.267849456775785	(11.113130828510062+9.267849456775785j)
0.3973642965288746	14.219608220885137	11.048843943214372	8.950994663944297	14.231187512640547	10.810857955117042	9.254839182515212	10.60063250348533	9.111733422363788	(10.60063250348533+9.111733422363788j)
0.3667978123206462	13.7363547891003	10.455624346775839	8.908836198468746	13.741631818137474	10.299865161571274	9.096440110213367	10.124045218937459	8.939188208055876	(10.124045218937459+8.939188208055876j)
0.3405979686950023	13.285641486358646	9.918495530491018	8.839214677542552	13.287579899789627	9.826562875030113	8.944184795517879	9.669581521076397	8.750361649510344	(9.669581521076397+8.750361649510344j)
0.3178914375388965	12.86496105408802	9.431901218570319	8.74908351350776	12.865401351200203	9.387458501475479	8.797395910753352	9.269079709719035	8.58449627743235	(9.269079709719035+8.58449627743235j)
0.2980232227667303	12.471951107612528	8.99129616001087	8.643272400754887	12.471952148829754	8.979511295940013	8.655516581278372	8.893606545470568	8.412769401027088	(8.893606545470568+8.412769401027088j)
0.2649095314578564	11.760343475139994	8.228851934833349	8.4018851746413	11.761961331214993	8.356691714118798	8.27704282652778	8.216781896259256	8.057682363757971	(8.216781896259256+8.057682363757971j)
0.23841857839101993	11.135161538190397	7.59781942873511	8.140329379695272	11.140054704507873	7.811584043276632	7.942290195797049	7.614600616203895	7.676514703027519	(7.614600616203895+7.676514703027519j)
0.21674416223237697	10.58322053115429	7.073318296775961	7.872275724562758	10.591265664223544	7.331203419061444	7.643844896287624	7.115202324416964	7.3521883696492845	(7.115202324416964+7.3521883696492845j)
0.19868214875786974	10.093467072739447	6.6342765406840725	7.606868759890918	10.10376998055117	6.90529448044617	7.3758440844561415	6.695909396389319	7.076260177890909	(6.695909396389319+7.076260177890909j)
0.18339890658076255	9.656677997044701	6.264020070174934	7.349386538960439	9.668101958317186	6.525649409200483	7.133589227353786	6.3392997363099255	6.839617528358731	(6.3392997363099255+6.839617528358731j)
0.17029898471002294	9.265155635212055	5.9491864133507075	7.102836754699143	9.276595167821451	6.185621100614992	6.913270536242226	6.0324165292296525	6.634740836923203	(6.0324165292296525+6.634740836923203j)
0.158945719085245	8.912459366208905	5.678935478754051	6.868888103796228	8.922975302744717	5.879768711250103	6.71176639608356	5.765564459224136	6.455728646958548	(5.765564459224136+6.455728646958548j)
0.14901161166092092	8.593227318708156	5.445105053490638	6.647885882552655	8.602060140818088	5.603596168492885	6.526495893410425	5.531390601005157	6.29799292615902	(5.531390601005157+6.29799292615902j)
0.1324547659482315	8.037684203007332	5.059023325617416	6.245850649681955	8.045011056913786	5.182938680506333	6.15299516820681	5.139664371730691	6.032767523750453	(5.139664371730691+6.032767523750453j)
0.11920928937314564	7.570077972118368	4.749069244326892	5.895118473494842	7.574971992443997	4.828352897420456	5.83671217247197	4.824957339647793	5.818412305806765	(4.824957339647793+5.818412305806765j)
0.10837208126299483	7.1700658571903135	4.4898178364132475	5.590293390536112	7.172329946946168	4.525236624613893	5.564579980475965	4.5665721514017665	5.641539283538941	(4.5665721514017665+5.641539283538941j)
0.09934107450229297	6.82272791120816	4.26369441068274	5.326398982679726	6.822674096250855	4.262879193853572	5.326982523179773	4.350624975654337	5.493093347285453	(4.350624975654337+5.493093347285453j)
0.09169945339549114	6.517022763223129	4.059487621234205	5.098249302399274	6.515236103611148	4.033283272836302	5.116730159668092	4.167453317161252	5.366728206426753	(4.167453317161252+5.366728206426753j)
0.08514949244564192	6.244646843052452	3.8699418911041463	4.900935008130818	6.241856553954998	3.8303854757314437	4.928379079114812	4.010123995221167	5.257861790049108	(4.010123995221167+5.257861790049108j)
0.07947285962157169	5.9992698468391135	3.6904168760167213	4.729911413166634	5.996279025473871	3.6495257087947186	4.757764627657014	3.873532399700792	5.16310155725091	(3.873532399700792+5.16310155725091j)
